#REFERENCE 3 35.2821934 -66.3871985
1	-15.000000	-21.032988	0.449901	-7.596608	
1	-15.052182	-20.859375	0.515494	-7.507345	
2	-15.052182	-20.859375	0.515494	-7.507345	
2	-15.120283	-20.625000	0.604887	-7.387403	
3	-15.120283	-20.625000	0.604887	-7.387403	
3	-15.185839	-20.390625	0.695205	-7.268173	
4	-15.234375	-20.210687	0.765204	-7.177083	
4	-15.185839	-20.390625	0.695205	-7.268173	
5	-15.234375	-20.210687	0.765204	-7.177083	
5	-15.249116	-20.156250	0.786355	-7.149781	
6	-15.249116	-20.156250	0.786355	-7.149781	
6	-15.310696	-19.921875	0.878114	-7.032511	
7	-15.310696	-19.921875	0.878114	-7.032511	
7	-15.369870	-19.687500	0.970755	-6.916011	
8	-15.468750	-19.272731	1.136856	-6.711749	
8	-15.481429	-19.218750	1.158530	-6.685522	
9	-15.369870	-19.687500	0.970755	-6.916011	
9	-15.426688	-19.453125	1.064263	-6.800303	
10	-15.468750	-19.272731	1.136856	-6.711749	
10	-15.426688	-19.453125	1.064263	-6.800303	
11	-15.481429	-19.218750	1.158530	-6.685522	
11	-15.534663	-18.984375	1.253316	-6.571952	
12	-15.534663	-18.984375	1.253316	-6.571952	
12	-15.585733	-18.750000	1.348890	-6.459264	
13	-15.585733	-18.750000	1.348890	-6.459264	
13	-15.634716	-18.515625	1.445223	-6.347496	
14	-15.634716	-18.515625	1.445223	-6.347496	
14	-15.681696	-18.281250	1.542278	-6.236688	
15	-15.703125	-18.170258	1.588545	-6.184487	
15	-15.727201	-18.046875	1.639818	-6.127105	
16	-15.703125	-18.170258	1.588545	-6.184487	
16	-15.681696	-18.281250	1.542278	-6.236688	
17	-15.727201	-18.046875	1.639818	-6.127105	
17	-15.771255	-17.812500	1.737821	-6.018761	
18	-15.771255	-17.812500	1.737821	-6.018761	
18	-15.813555	-17.578125	1.836420	-5.911502	
19	-15.813555	-17.578125	1.836420	-5.911502	
19	-15.854194	-17.343750	1.935566	-5.805378	
20	-15.854194	-17.343750	1.935566	-5.805378	
20	-15.893262	-17.109375	2.035211	-5.700435	
21	-15.893262	-17.109375	2.035211	-5.700435	
21	-15.930846	-16.875000	2.135308	-5.596719	
22	-15.937500	-16.832107	2.153707	-5.577839	
22	-15.967571	-16.640625	2.235538	-5.494549	
23	-15.967571	-16.640625	2.235538	-5.494549	
23	-16.003061	-16.406250	2.336068	-5.393739	
24	-16.003061	-16.406250	2.336068	-5.393739	
24	-16.037259	-16.171875	2.436916	-5.294264	
25	-16.037259	-16.171875	2.436916	-5.294264	
25	-16.070222	-15.937500	2.538041	-5.196158	
26	-15.937500	-16.832107	2.153707	-5.577839	
26	-15.930846	-16.875000	2.135308	-5.596719	
27	-16.070222	-15.937500	2.538041	-5.196158	
27	-16.101997	-15.703125	2.639406	-5.099452	
28	-16.101997	-15.703125	2.639406	-5.099452	
28	-16.132623	-15.468750	2.740977	-5.004169	
29	-16.132623	-15.468750	2.740977	-5.004169	
29	-16.162127	-15.234375	2.842723	-4.910333	
30	-16.171875	-15.154255	2.877586	-4.878548	
30	-16.162127	-15.234375	2.842723	-4.910333	
31	-16.171875	-15.154255	2.877586	-4.878548	
31	-16.190889	-15.000000	2.944417	-4.818141	
32	-11.250000	-28.344872	-1.834026	-11.681220	
32	-11.432796	-28.125000	-1.782289	-11.554115	
33	-11.718750	-27.762846	-1.694266	-11.344552	
33	-11.799056	-27.656250	-1.667627	-11.282655	
34	-11.484375	-28.061740	-1.767209	-11.517636	
34	-11.619734	-27.890625	-1.725688	-11.418448	
35	-11.484375	-28.061740	-1.767209	-11.517636	
35	-11.432796	-28.125000	-1.782289	-11.554115	
36	-11.718750	-27.762846	-1.694266	-11.344552	
36	-11.619734	-27.890625	-1.725688	-11.418448	
37	-11.953125	-27.447238	-1.614674	-11.161558	
37	-11.971338	-27.421875	-1.608153	-11.146819	
38	-11.953125	-27.447238	-1.614674	-11.161558	
38	-11.799056	-27.656250	-1.667627	-11.282655	
39	-11.971338	-27.421875	-1.608153	-11.146819	
39	-12.136813	-27.187500	-1.547264	-11.010911	
40	-12.187500	-27.114159	-1.527967	-10.968468	
40	-12.136813	-27.187500	-1.547264	-11.010911	
41	-12.187500	-27.114159	-1.527967	-10.968468	
41	-12.296179	-26.953125	-1.485041	-10.875094	
42	-12.421875	-26.762232	-1.433426	-10.764636	
42	-12.296179	-26.953125	-1.485041	-10.875094	
43	-12.421875	-26.762232	-1.433426	-10.764636	
43	-12.449885	-26.718750	-1.421531	-10.739450	
44	-12.449885	-26.718750	-1.421531	-10.739450	
44	-12.598100	-26.484375	-1.356734	-10.603964	
45	-12.656250	-26.390295	-1.330395	-10.549685	
45	-12.598100	-26.484375	-1.356734	-10.603964	
46	-12.656250	-26.390295	-1.330395	-10.549685	
46	-12.741271	-26.250000	-1.290709	-10.468739	
47	-10.312500	-29.335903	-2.048882	-12.247897	
47	-10.353142	-29.296875	-2.040977	-12.225713	
48	-10.546875	-29.108152	-2.002315	-12.118890	
48	-10.353142	-29.296875	-2.040977	-12.225713	
49	-10.546875	-29.108152	-2.002315	-12.118890	
49	-10.591889	-29.062500	-1.992715	-12.092774	
50	-10.078125	-29.551232	-2.091219	-12.368858	
50	-9.843750	-29.754692	-2.129632	-12.482054	
51	-10.078125	-29.551232	-2.091219	-12.368858	
51	-10.100136	-29.531250	-2.087328	-12.357584	
52	-9.609375	-29.946876	-2.164429	-12.587826	
52	-9.830559	-29.765625	-2.131630	-12.488037	
53	-9.609375	-29.946876	-2.164429	-12.587826	
53	-9.541110	-30.000000	-2.173685	-12.616536	
54	-9.843750	-29.754692	-2.129632	-12.482054	
54	-9.830559	-29.765625	-2.131630	-12.488037	
55	-10.312500	-29.335903	-2.048882	-12.247897	
55	-10.100136	-29.531250	-2.087328	-12.357584	
56	-10.781250	-28.867458	-1.951212	-11.981610	
56	-10.818024	-28.828125	-1.942641	-11.958987	
57	-11.015625	-28.613225	-1.895232	-11.835793	
57	-10.818024	-28.828125	-1.942641	-11.958987	
58	-11.015625	-28.613225	-1.895232	-11.835793	
58	-11.032911	-28.593750	-1.890841	-11.824542	
59	-10.781250	-28.867458	-1.951212	-11.981610	
59	-10.591889	-29.062500	-1.992715	-12.092774	
60	-11.032911	-28.593750	-1.890841	-11.824542	
60	-11.237545	-28.359375	-1.837372	-11.689550	
61	-11.250000	-28.344872	-1.834026	-11.681220	
61	-11.237545	-28.359375	-1.837372	-11.689550	
62	-13.125000	-25.579930	-1.095392	-10.083917	
62	-13.143017	-25.546875	-1.085514	-10.065015	
63	-13.143017	-25.546875	-1.085514	-10.065015	
63	-13.268496	-25.312500	-1.014843	-9.931248	
64	-13.359375	-25.137833	-0.961441	-9.831819	
64	-13.390009	-25.078125	-0.943059	-9.797913	
65	-13.359375	-25.137833	-0.961441	-9.831819	
65	-13.268496	-25.312500	-1.014843	-9.931248	
66	-13.390009	-25.078125	-0.943059	-9.797913	
66	-13.507875	-24.843750	-0.870218	-9.665106	
67	-13.593750	-24.668037	-0.814883	-9.565821	
67	-13.507875	-24.843750	-0.870218	-9.665106	
68	-13.593750	-24.668037	-0.814883	-9.565821	
68	-13.622075	-24.609375	-0.796301	-9.532782	
69	-13.622075	-24.609375	-0.796301	-9.532782	
69	-13.732984	-24.375000	-0.721384	-9.401072	
70	-12.741271	-26.250000	-1.290709	-10.468739	
70	-12.879654	-26.015625	-1.223479	-10.333812	
71	-12.890625	-25.996722	-1.218008	-10.322949	
71	-12.879654	-26.015625	-1.223479	-10.333812	
72	-12.890625	-25.996722	-1.218008	-10.322949	
72	-13.013500	-25.781250	-1.155074	-10.199227	
73	-13.125000	-25.579930	-1.095392	-10.083917	
73	-13.013500	-25.781250	-1.155074	-10.199227	
74	-14.062500	-23.633144	-0.477557	-8.987973	
74	-14.144623	-23.437500	-0.411708	-8.880228	
75	-13.828125	-24.167674	-0.654211	-9.284950	
75	-13.840411	-24.140625	-0.645405	-9.269862	
76	-13.828125	-24.167674	-0.654211	-9.284950	
76	-13.732984	-24.375000	-0.721384	-9.401072	
77	-13.840411	-24.140625	-0.645405	-9.269862	
77	-13.944934	-23.906250	-0.568501	-9.139381	
78	-13.944934	-23.906250	-0.568501	-9.139381	
78	-14.046112	-23.671875	-0.490544	-9.009408	
79	-14.062500	-23.633144	-0.477557	-8.987973	
79	-14.046112	-23.671875	-0.490544	-9.009408	
80	-14.144623	-23.437500	-0.411708	-8.880228	
80	-14.240086	-23.203125	-0.331877	-8.751648	
81	-14.296875	-23.059845	-0.282559	-8.673299	
81	-14.240086	-23.203125	-0.331877	-8.751648	
82	-14.296875	-23.059845	-0.282559	-8.673299	
82	-14.332756	-22.968750	-0.251114	-8.623766	
83	-14.332756	-22.968750	-0.251114	-8.623766	
83	-14.422899	-22.734375	-0.169489	-8.496689	
84	-14.422899	-22.734375	-0.169489	-8.496689	
84	-14.510079	-22.500000	-0.086864	-8.370203	
85	-14.531250	-22.441752	-0.066162	-8.338841	
85	-14.595012	-22.265625	-0.003451	-8.244627	
86	-14.595012	-22.265625	-0.003451	-8.244627	
86	-14.677326	-22.031250	0.080872	-8.119778	
87	-14.531250	-22.441752	-0.066162	-8.338841	
87	-14.510079	-22.500000	-0.086864	-8.370203	
88	-14.677326	-22.031250	0.080872	-8.119778	
88	-14.756838	-21.796875	0.166172	-7.995558	
89	-14.765625	-21.770367	0.175891	-7.981534	
89	-14.756838	-21.796875	0.166172	-7.995558	
90	-14.765625	-21.770367	0.175891	-7.981534	
90	-14.834429	-21.562500	0.252164	-7.872378	
91	-14.834429	-21.562500	0.252164	-7.872378	
91	-14.909428	-21.328125	0.339075	-7.749911	
92	-14.909428	-21.328125	0.339075	-7.749911	
92	-14.981757	-21.093750	0.426939	-7.628112	
93	-15.000000	-21.032988	0.449901	-7.596608	
93	-14.981757	-21.093750	0.426939	-7.628112	
94	-16.190889	-15.000000	2.944417	-4.818141	
94	-16.218742	-14.765625	3.046127	-4.727516	
95	-16.218742	-14.765625	3.046127	-4.727516	
95	-16.245509	-14.531250	3.147932	-4.638380	
96	-16.245509	-14.531250	3.147932	-4.638380	
96	-16.271198	-14.296875	3.249810	-4.550745	
97	-16.271198	-14.296875	3.249810	-4.550745	
97	-16.295811	-14.062500	3.351739	-4.464620	
98	-16.295811	-14.062500	3.351739	-4.464620	
98	-16.319347	-13.828125	3.453699	-4.380017	
99	-16.319347	-13.828125	3.453699	-4.380017	
99	-16.341804	-13.593750	3.555670	-4.296944	
100	-16.341804	-13.593750	3.555670	-4.296944	
100	-16.363181	-13.359375	3.657630	-4.215410	
101	-16.363181	-13.359375	3.657630	-4.215410	
101	-16.383475	-13.125000	3.759557	-4.135425	
102	-16.406250	-12.844693	3.881432	-4.041775	
102	-16.421126	-12.656250	3.963017	-3.980289	
103	-16.383475	-13.125000	3.759557	-4.135425	
103	-16.402684	-12.890625	3.861430	-4.056996	
104	-16.406250	-12.844693	3.881432	-4.041775	
104	-16.402684	-12.890625	3.861430	-4.056996	
105	-16.421126	-12.656250	3.963017	-3.980289	
105	-16.438545	-12.421875	4.064453	-3.905186	
106	-16.438545	-12.421875	4.064453	-3.905186	
106	-16.454864	-12.187500	4.165759	-3.831660	
107	-16.454864	-12.187500	4.165759	-3.831660	
107	-16.470083	-11.953125	4.266908	-3.759720	
108	-16.470083	-11.953125	4.266908	-3.759720	
108	-16.484205	-11.718750	4.367870	-3.689377	
109	-16.484205	-11.718750	4.367870	-3.689377	
109	-16.497233	-11.484375	4.468615	-3.620640	
110	-16.497233	-11.484375	4.468615	-3.620640	
110	-16.509171	-11.250000	4.569109	-3.553518	
111	-16.509171	-11.250000	4.569109	-3.553518	
111	-16.520024	-11.015625	4.669318	-3.488022	
112	-16.520024	-11.015625	4.669318	-3.488022	
112	-16.529798	-10.781250	4.769205	-3.424162	
113	-16.529798	-10.781250	4.769205	-3.424162	
113	-16.538500	-10.546875	4.868734	-3.361945	
114	-16.538500	-10.546875	4.868734	-3.361945	
114	-16.546137	-10.312500	4.967865	-3.301381	
115	-16.546137	-10.312500	4.967865	-3.301381	
115	-16.552715	-10.078125	5.066558	-3.242478	
116	-16.552715	-10.078125	5.066558	-3.242478	
116	-16.558244	-9.843750	5.164772	-3.185243	
117	-16.558244	-9.843750	5.164772	-3.185243	
117	-16.562731	-9.609375	5.262463	-3.129682	
118	-16.562731	-9.609375	5.262463	-3.129682	
118	-16.566184	-9.375000	5.359588	-3.075802	
119	-16.566184	-9.375000	5.359588	-3.075802	
119	-16.568611	-9.140625	5.456103	-3.023605	
120	-16.568611	-9.140625	5.456103	-3.023605	
120	-16.570021	-8.906250	5.551961	-2.973097	
121	-16.570021	-8.906250	5.551961	-2.973097	
121	-16.570420	-8.671875	5.647117	-2.924279	
122	-16.570420	-8.671875	5.647117	-2.924279	
122	-16.569817	-8.437500	5.741522	-2.877152	
123	-16.569817	-8.437500	5.741522	-2.877152	
123	-16.568220	-8.203125	5.835130	-2.831716	
124	-16.568220	-8.203125	5.835130	-2.831716	
124	-16.565634	-7.968750	5.927891	-2.787968	
125	-16.565634	-7.968750	5.927891	-2.787968	
125	-16.562067	-7.734375	6.019756	-2.745905	
126	-16.562067	-7.734375	6.019756	-2.745905	
126	-16.557525	-7.500000	6.110677	-2.705524	
127	-16.557525	-7.500000	6.110677	-2.705524	
127	-16.552014	-7.265625	6.200603	-2.666816	
128	-16.552014	-7.265625	6.200603	-2.666816	
128	-16.545539	-7.031250	6.289484	-2.629774	
129	-16.545539	-7.031250	6.289484	-2.629774	
129	-16.538106	-6.796875	6.377270	-2.594388	
130	-16.538106	-6.796875	6.377270	-2.594388	
130	-16.529718	-6.562500	6.463911	-2.560647	
131	-16.529718	-6.562500	6.463911	-2.560647	
131	-16.520381	-6.328125	6.549355	-2.528537	
132	-16.520381	-6.328125	6.549355	-2.528537	
132	-16.510099	-6.093750	6.633552	-2.498043	
133	-16.510099	-6.093750	6.633552	-2.498043	
133	-16.498874	-5.859375	6.716452	-2.469148	
134	-16.498874	-5.859375	6.716452	-2.469148	
134	-16.486710	-5.625000	6.798002	-2.441834	
135	-16.486710	-5.625000	6.798002	-2.441834	
135	-16.473611	-5.390625	6.878154	-2.416080	
136	-16.473611	-5.390625	6.878154	-2.416080	
136	-16.459580	-5.156250	6.956854	-2.391864	
137	-16.459580	-5.156250	6.956854	-2.391864	
137	-16.444621	-4.921875	7.034053	-2.369160	
138	-16.444621	-4.921875	7.034053	-2.369160	
138	-16.428738	-4.687500	7.109698	-2.347944	
139	-16.428738	-4.687500	7.109698	-2.347944	
139	-16.411937	-4.453125	7.183737	-2.328188	
140	-16.411937	-4.453125	7.183737	-2.328188	
140	-16.406250	-4.377754	7.207281	-2.322119	
141	-16.406250	-4.377754	7.207281	-2.322119	
141	-16.394509	-4.218750	7.255848	-2.309928	
142	-16.394509	-4.218750	7.255848	-2.309928	
142	-16.376332	-3.984375	7.326096	-2.293094	
143	-16.376332	-3.984375	7.326096	-2.293094	
143	-16.357279	-3.750000	7.394553	-2.277619	
144	-16.357279	-3.750000	7.394553	-2.277619	
144	-16.337366	-3.515625	7.461160	-2.263467	
145	-16.337366	-3.515625	7.461160	-2.263467	
145	-16.316612	-3.281250	7.525854	-2.250602	
146	-16.316612	-3.281250	7.525854	-2.250602	
146	-16.295046	-3.046875	7.588565	-2.238984	
147	-16.295046	-3.046875	7.588565	-2.238984	
147	-16.272707	-2.812500	7.649213	-2.228575	
148	-16.272707	-2.812500	7.649213	-2.228575	
148	-16.249650	-2.578125	7.707704	-2.219333	
149	-16.249650	-2.578125	7.707704	-2.219333	
149	-16.225952	-2.343750	7.763927	-2.211218	
150	-16.225952	-2.343750	7.763927	-2.211218	
150	-16.201719	-2.109375	7.817741	-2.204185	
151	-16.201719	-2.109375	7.817741	-2.204185	
151	-16.177098	-1.875000	7.868969	-2.198190	
152	-16.177098	-1.875000	7.868969	-2.198190	
152	-16.171875	-1.825452	7.879433	-2.197052	
153	-16.171875	-1.825452	7.879433	-2.197052	
153	-16.152648	-1.640625	7.917026	-2.193220	
154	-16.152648	-1.640625	7.917026	-2.193220	
154	-16.128314	-1.406250	7.961939	-2.189184	
155	-16.128314	-1.406250	7.961939	-2.189184	
155	-16.104338	-1.171875	8.003443	-2.186015	
156	-16.104338	-1.171875	8.003443	-2.186015	
156	-16.081188	-0.937500	8.041053	-2.183652	
157	-16.081188	-0.937500	8.041053	-2.183652	
157	-16.059485	-0.703125	8.074134	-2.182019	
158	-16.059485	-0.703125	8.074134	-2.182019	
158	-16.040011	-0.468750	8.101887	-2.181022	
159	-16.040011	-0.468750	8.101887	-2.181022	
159	-16.023684	-0.234375	8.123376	-2.180538	
160	-16.023684	-0.234375	8.123376	-2.180538	
160	-16.011423	0.000000	8.137655	-2.180407	
161	1.507499	-30.000000	-2.348702	-11.146935	
161	1.640625	-29.912431	-2.353420	-11.066061	
162	1.640625	-29.912431	-2.353420	-11.066061	
162	1.854703	-29.765625	-2.362117	-10.931412	
163	1.854703	-29.765625	-2.362117	-10.931412	
163	1.875000	-29.751719	-2.362988	-10.918754	
164	2.109375	-29.585249	-2.374078	-10.767833	
164	2.182603	-29.531250	-2.377932	-10.719133	
165	1.875000	-29.751719	-2.362988	-10.918754	
165	2.109375	-29.585249	-2.374078	-10.767833	
166	2.343750	-29.412432	-2.386811	-10.612762	
166	2.494783	-29.296875	-2.396001	-10.509827	
167	2.578125	-29.233089	-2.401285	-10.453424	
167	2.793249	-29.062500	-2.416203	-10.303244	
168	2.494783	-29.296875	-2.396001	-10.509827	
168	2.578125	-29.233089	-2.401285	-10.453424	
169	2.182603	-29.531250	-2.377932	-10.719133	
169	2.343750	-29.412432	-2.386811	-10.612762	
170	2.812500	-29.047222	-2.417589	-10.289892	
170	3.046875	-28.855183	-2.435771	-10.122596	
171	3.046875	-28.855183	-2.435771	-10.122596	
171	3.078880	-28.828125	-2.438445	-10.099106	
172	3.078880	-28.828125	-2.438445	-10.099106	
172	3.281250	-28.656720	-2.455941	-9.951362	
173	3.281250	-28.656720	-2.455941	-9.951362	
173	3.353321	-28.593750	-2.462637	-9.897278	
174	3.353321	-28.593750	-2.462637	-9.897278	
174	3.515625	-28.451607	-2.478213	-9.776052	
175	3.515625	-28.451607	-2.478213	-9.776052	
175	3.617858	-28.359375	-2.488702	-9.697652	
176	3.617858	-28.359375	-2.488702	-9.697652	
176	3.750000	-28.239811	-2.502684	-9.596729	
177	2.793249	-29.062500	-2.416203	-10.303244	
177	2.812500	-29.047222	-2.417589	-10.289892	
178	3.750000	-28.239811	-2.502684	-9.596729	
178	3.873344	-28.125000	-2.516573	-9.500116	
179	5.625000	-26.296886	-2.790168	-8.023613	
179	5.665164	-26.250000	-2.798406	-7.987096	
180	3.873344	-28.125000	-2.516573	-9.500116	
180	3.984375	-28.021289	-2.529451	-9.413450	
181	3.984375	-28.021289	-2.529451	-9.413450	
181	4.120531	-27.890625	-2.546190	-9.304580	
182	4.120531	-27.890625	-2.546190	-9.304580	
182	4.218750	-27.795984	-2.558617	-9.226267	
183	4.218750	-27.795984	-2.558617	-9.226267	
183	4.360081	-27.656250	-2.577501	-9.110969	
184	4.360081	-27.656250	-2.577501	-9.110969	
184	4.453125	-27.563827	-2.590286	-9.035230	
185	4.453125	-27.563827	-2.590286	-9.035230	
185	4.592574	-27.421875	-2.610454	-8.919226	
186	4.592574	-27.421875	-2.610454	-8.919226	
186	4.687500	-27.324735	-2.624567	-8.840382	
187	4.687500	-27.324735	-2.624567	-8.840382	
187	4.818524	-27.187500	-2.645007	-8.729301	
188	4.818524	-27.187500	-2.645007	-8.729301	
188	4.921875	-27.078613	-2.661574	-8.641761	
189	4.921875	-27.078613	-2.661574	-8.641761	
189	5.038383	-26.953125	-2.681116	-8.541156	
190	5.038383	-26.953125	-2.681116	-8.541156	
190	5.156250	-26.825349	-2.701426	-8.439405	
191	5.156250	-26.825349	-2.701426	-8.439405	
191	5.252549	-26.718750	-2.718742	-8.354757	
192	5.252549	-26.718750	-2.718742	-8.354757	
192	5.390625	-26.564820	-2.744247	-8.233345	
193	5.390625	-26.564820	-2.744247	-8.233345	
193	5.461373	-26.484375	-2.757850	-8.170078	
194	5.461373	-26.484375	-2.757850	-8.170078	
194	5.625000	-26.296886	-2.790168	-8.023613	
195	5.665164	-26.250000	-2.798406	-7.987096	
195	5.859375	-26.021393	-2.839326	-7.810238	
196	5.859375	-26.021393	-2.839326	-7.810238	
196	5.864190	-26.015625	-2.840377	-7.805789	
197	5.864190	-26.015625	-2.840377	-7.805789	
197	6.058716	-25.781250	-2.883733	-7.626147	
198	6.093750	-25.738672	-2.891746	-7.593727	
198	6.249003	-25.546875	-2.928443	-7.448165	
199	6.328125	-25.448179	-2.947655	-7.373763	
199	6.435242	-25.312500	-2.974478	-7.271832	
200	6.249003	-25.546875	-2.928443	-7.448165	
200	6.328125	-25.448179	-2.947655	-7.373763	
201	6.058716	-25.781250	-2.883733	-7.626147	
201	6.093750	-25.738672	-2.891746	-7.593727	
202	6.562500	-25.149642	-3.007224	-7.150307	
202	6.617592	-25.078125	-3.021815	-7.097135	
203	6.617592	-25.078125	-3.021815	-7.097135	
203	6.796197	-24.843750	-3.070429	-6.924062	
204	7.031250	-24.528437	-3.137770	-6.693891	
204	7.143268	-24.375000	-3.171350	-6.582916	
205	6.796197	-24.843750	-3.070429	-6.924062	
205	6.796875	-24.842855	-3.070617	-6.923405	
206	6.796875	-24.842855	-3.070617	-6.923405	
206	6.971439	-24.609375	-3.120278	-6.752673	
207	6.971439	-24.609375	-3.120278	-6.752673	
207	7.031250	-24.528437	-3.137770	-6.693891	
208	6.435242	-25.312500	-2.974478	-7.271832	
208	6.562500	-25.149642	-3.007224	-7.150307	
209	7.143268	-24.375000	-3.171350	-6.582916	
209	7.265625	-24.205330	-3.209072	-6.461049	
210	7.265625	-24.205330	-3.209072	-6.461049	
210	7.311770	-24.140625	-3.223628	-6.414778	
211	7.311770	-24.140625	-3.223628	-6.414778	
211	7.477160	-23.906250	-3.277078	-6.248288	
212	7.477160	-23.906250	-3.277078	-6.248288	
212	7.500000	-23.873606	-3.284609	-6.225244	
213	7.500000	-23.873606	-3.284609	-6.225244	
213	7.639737	-23.671875	-3.331658	-6.083508	
214	7.734375	-23.533366	-3.364451	-5.986886	
214	7.799285	-23.437500	-3.387376	-5.920348	
215	7.639737	-23.671875	-3.331658	-6.083508	
215	7.734375	-23.533366	-3.364451	-5.986886	
216	7.799285	-23.437500	-3.387376	-5.920348	
216	7.955941	-23.203125	-3.444208	-5.758822	
217	7.955941	-23.203125	-3.444208	-5.758822	
217	7.968750	-23.183810	-3.448938	-5.745591	
218	7.968750	-23.183810	-3.448938	-5.745591	
218	8.110238	-22.968750	-3.502079	-5.599082	
219	8.110238	-22.968750	-3.502079	-5.599082	
219	8.203125	-22.825412	-3.538014	-5.502159	
220	8.203125	-22.825412	-3.538014	-5.502159	
220	8.261705	-22.734375	-3.561029	-5.440957	
221	8.261705	-22.734375	-3.561029	-5.440957	
221	8.410607	-22.500000	-3.621015	-5.284516	
222	8.410607	-22.500000	-3.621015	-5.284516	
222	8.437500	-22.457256	-3.632063	-5.256170	
223	8.437500	-22.457256	-3.632063	-5.256170	
223	8.557347	-22.265625	-3.681968	-5.129882	
224	8.671875	-22.079447	-3.731136	-5.008155	
224	8.701373	-22.031250	-3.743951	-4.976852	
225	8.557347	-22.265625	-3.681968	-5.129882	
225	8.671875	-22.079447	-3.731136	-5.008155	
226	8.906250	-21.691623	-3.835427	-4.758268	
226	8.983071	-21.562500	-3.870692	-4.676186	
227	8.701373	-22.031250	-3.743951	-4.976852	
227	8.843378	-21.796875	-3.806850	-4.825658	
228	8.843378	-21.796875	-3.806850	-4.825658	
228	8.906250	-21.691623	-3.835427	-4.758268	
229	8.983071	-21.562500	-3.870692	-4.676186	
229	9.120347	-21.328125	-3.935481	-4.528388	
230	9.140625	-21.293164	-3.945224	-4.506488	
230	9.255946	-21.093750	-4.001078	-4.382534	
231	9.120347	-21.328125	-3.935481	-4.528388	
231	9.140625	-21.293164	-3.945224	-4.506488	
232	9.255946	-21.093750	-4.001078	-4.382534	
232	9.375000	-20.883965	-4.060619	-4.253286	
233	9.375000	-20.883965	-4.060619	-4.253286	
233	9.388924	-20.859375	-4.067629	-4.238260	
234	9.388924	-20.859375	-4.067629	-4.238260	
234	9.520447	-20.625000	-4.134909	-4.096009	
235	9.520447	-20.625000	-4.134909	-4.096009	
235	9.609375	-20.463629	-4.181793	-3.998935	
236	9.609375	-20.463629	-4.181793	-3.998935	
236	9.649558	-20.390625	-4.203078	-3.955405	
237	9.649558	-20.390625	-4.203078	-3.955405	
237	9.776978	-20.156250	-4.271979	-3.816730	
238	9.843750	-20.031454	-4.309037	-3.743521	
238	9.902368	-19.921875	-4.341661	-3.679846	
239	9.902368	-19.921875	-4.341661	-3.679846	
239	10.025896	-19.687500	-4.412072	-3.544820	
240	9.776978	-20.156250	-4.271979	-3.816730	
240	9.843750	-20.031454	-4.309037	-3.743521	
241	10.312500	-19.129534	-4.582508	-3.230852	
241	10.385807	-18.984375	-4.627359	-3.151101	
242	10.385807	-18.984375	-4.627359	-3.151101	
242	10.502142	-18.750000	-4.700423	-3.023617	
243	10.025896	-19.687500	-4.412072	-3.544820	
243	10.078125	-19.586946	-4.442543	-3.487376	
244	10.078125	-19.586946	-4.442543	-3.487376	
244	10.147685	-19.453125	-4.483163	-3.411703	
245	10.147685	-19.453125	-4.483163	-3.411703	
245	10.267521	-19.218750	-4.554964	-3.280406	
246	10.267521	-19.218750	-4.554964	-3.280406	
246	10.312500	-19.129534	-4.582508	-3.230852	
247	11.250000	-17.156991	-5.210721	-2.209458	
247	11.271402	-17.109375	-5.226231	-2.186627	
248	11.271402	-17.109375	-5.226231	-2.186627	
248	11.375499	-16.875000	-5.302880	-2.075321	
249	11.375499	-16.875000	-5.302880	-2.075321	
249	11.477285	-16.640625	-5.380114	-1.965689	
250	11.484375	-16.624126	-5.385569	-1.958039	
250	11.578590	-16.406250	-5.457288	-1.858602	
251	11.477285	-16.640625	-5.380114	-1.965689	
251	11.484375	-16.624126	-5.385569	-1.958039	
252	11.718750	-16.073648	-5.567593	-1.709690	
252	11.775920	-15.937500	-5.612629	-1.650260	
253	11.578590	-16.406250	-5.457288	-1.858602	
253	11.677797	-16.171875	-5.534922	-1.753295	
254	11.677797	-16.171875	-5.534922	-1.753295	
254	11.718750	-16.073648	-5.567593	-1.709690	
255	11.775920	-15.937500	-5.612629	-1.650260	
255	11.872689	-15.703125	-5.690470	-1.549372	
256	11.953125	-15.504306	-5.756810	-1.465185	
256	11.967624	-15.468750	-5.768596	-1.450400	
257	11.872689	-15.703125	-5.690470	-1.549372	
257	11.953125	-15.504306	-5.756810	-1.465185	
258	11.967624	-15.468750	-5.768596	-1.450400	
258	12.062085	-15.234375	-5.846438	-1.354015	
259	12.062085	-15.234375	-5.846438	-1.354015	
259	12.154495	-15.000000	-5.924587	-1.259446	
260	10.502142	-18.750000	-4.700423	-3.023617	
260	10.546875	-18.658578	-4.729131	-2.974332	
261	10.546875	-18.658578	-4.729131	-2.974332	
261	10.617004	-18.515625	-4.774015	-2.898164	
262	10.617004	-18.515625	-4.774015	-2.898164	
262	10.730022	-18.281250	-4.848205	-2.774583	
263	10.781250	-18.173366	-4.882600	-2.718248	
263	10.841523	-18.046875	-4.922885	-2.653021	
264	10.841523	-18.046875	-4.922885	-2.653021	
264	10.951401	-17.812500	-4.998055	-2.533436	
265	10.730022	-18.281250	-4.848205	-2.774583	
265	10.781250	-18.173366	-4.882600	-2.718248	
266	10.951401	-17.812500	-4.998055	-2.533436	
266	11.015625	-17.673119	-5.043085	-2.463098	
267	11.015625	-17.673119	-5.043085	-2.463098	
267	11.059588	-17.578125	-5.073713	-2.415800	
268	11.059588	-17.578125	-5.073713	-2.415800	
268	11.166494	-17.343750	-5.149706	-2.300306	
269	11.166494	-17.343750	-5.149706	-2.300306	
269	11.250000	-17.156991	-5.210721	-2.209458	
270	15.000000	-5.514464	-8.421087	0.725948	
270	15.027483	-5.390625	-8.435717	0.731136	
271	15.027483	-5.390625	-8.435717	0.731136	
271	15.078551	-5.156250	-8.461843	0.740085	
272	15.078551	-5.156250	-8.461843	0.740085	
272	15.128546	-4.921875	-8.485759	0.747894	
273	15.128546	-4.921875	-8.485759	0.747894	
273	15.177484	-4.687500	-8.507423	0.754619	
274	15.177484	-4.687500	-8.507423	0.754619	
274	15.225380	-4.453125	-8.526795	0.760321	
275	15.234375	-4.408342	-8.530269	0.761310	
275	15.273156	-4.218750	-8.542990	0.764832	
276	15.225380	-4.453125	-8.526795	0.760321	
276	15.234375	-4.408342	-8.530269	0.761310	
277	15.273156	-4.218750	-8.542990	0.764832	
277	15.320115	-3.984375	-8.556623	0.768420	
278	15.320115	-3.984375	-8.556623	0.768420	
278	15.366055	-3.750000	-8.567864	0.771208	
279	15.366055	-3.750000	-8.567864	0.771208	
279	15.410990	-3.515625	-8.576684	0.773260	
280	15.410990	-3.515625	-8.576684	0.773260	
280	15.454931	-3.281250	-8.583057	0.774644	
281	15.468750	-3.206117	-8.584635	0.774969	
281	15.498591	-3.046875	-8.586283	0.775298	
282	15.498591	-3.046875	-8.586283	0.775298	
282	15.541593	-2.812500	-8.586708	0.775386	
283	15.454931	-3.281250	-8.583057	0.774644	
283	15.468750	-3.206117	-8.584635	0.774969	
284	15.541593	-2.812500	-8.586708	0.775386	
284	15.583616	-2.578125	-8.584634	0.775046	
285	15.583616	-2.578125	-8.584634	0.775046	
285	15.624671	-2.343750	-8.580048	0.774347	
286	15.624671	-2.343750	-8.580048	0.774347	
286	15.664767	-2.109375	-8.572940	0.773361	
287	15.703125	-1.879741	-8.563528	0.772185	
287	15.703932	-1.875000	-8.563284	0.772156	
288	15.664767	-2.109375	-8.572940	0.773361	
288	15.703125	-1.879741	-8.563528	0.772185	
289	15.703932	-1.875000	-8.563284	0.772156	
289	15.743059	-1.640625	-8.550197	0.770715	
290	15.743059	-1.640625	-8.550197	0.770715	
290	15.781235	-1.406250	-8.534587	0.769228	
291	15.781235	-1.406250	-8.534587	0.769228	
291	15.818465	-1.171875	-8.516458	0.767768	
292	15.818465	-1.171875	-8.516458	0.767768	
292	15.854759	-0.937500	-8.495815	0.766403	
293	15.937500	-0.378471	-8.436559	0.763951	
293	15.958575	-0.234375	-8.418395	0.763577	
294	15.958575	-0.234375	-8.418395	0.763577	
294	15.991973	0.000000	-8.387007	0.763298	
295	15.854759	-0.937500	-8.495815	0.766403	
295	15.890121	-0.703125	-8.472666	0.765205	
296	15.890121	-0.703125	-8.472666	0.765205	
296	15.924558	-0.468750	-8.447022	0.764243	
297	15.924558	-0.468750	-8.447022	0.764243	
297	15.937500	-0.378471	-8.436559	0.763951	
298	12.154495	-15.000000	-5.924587	-1.259446	
298	12.187500	-14.915057	-5.952974	-1.225630	
299	12.187500	-14.915057	-5.952974	-1.225630	
299	12.246086	-14.765625	-6.002502	-1.167305	
300	12.246086	-14.765625	-6.002502	-1.167305	
300	12.336376	-14.531250	-6.080340	-1.077357	
301	12.336376	-14.531250	-6.080340	-1.077357	
301	12.421875	-14.304494	-6.155814	-0.992112	
302	12.421875	-14.304494	-6.155814	-0.992112	
302	12.424776	-14.296875	-6.158326	-0.989308	
303	12.424776	-14.296875	-6.158326	-0.989308	
303	12.513053	-14.062500	-6.235627	-0.904045	
304	12.513053	-14.062500	-6.235627	-0.904045	
304	12.599442	-13.828125	-6.312994	-0.820685	
305	12.599442	-13.828125	-6.312994	-0.820685	
305	12.656250	-13.671184	-6.364819	-0.765938	
306	12.656250	-13.671184	-6.364819	-0.765938	
306	12.684579	-13.593750	-6.390099	-0.739547	
307	12.684579	-13.593750	-6.390099	-0.739547	
307	12.769112	-13.359375	-6.466579	-0.660955	
308	12.769112	-13.359375	-6.466579	-0.660955	
308	12.851849	-13.125000	-6.542971	-0.584309	
309	13.125000	-12.329100	-6.798337	-0.341318	
309	13.172772	-12.187500	-6.842764	-0.301094	
310	13.172772	-12.187500	-6.842764	-0.301094	
310	13.250489	-11.953125	-6.916001	-0.236097	
311	13.250489	-11.953125	-6.916001	-0.236097	
311	13.326577	-11.718750	-6.988807	-0.173095	
312	13.326577	-11.718750	-6.988807	-0.173095	
312	13.359375	-11.616096	-7.020560	-0.146120	
313	13.359375	-11.616096	-7.020560	-0.146120	
313	13.402019	-11.484375	-7.060566	-0.112568	
314	13.402019	-11.484375	-7.060566	-0.112568	
314	13.476625	-11.250000	-7.131324	-0.054404	
315	12.851849	-13.125000	-6.542971	-0.584309	
315	12.890625	-13.013368	-6.579319	-0.548486	
316	12.890625	-13.013368	-6.579319	-0.548486	
316	12.933757	-12.890625	-6.618749	-0.510092	
317	12.933757	-12.890625	-6.618749	-0.510092	
317	13.014777	-12.656250	-6.693885	-0.438270	
318	13.014777	-12.656250	-6.693885	-0.438270	
318	13.094087	-12.421875	-6.768767	-0.368424	
319	13.094087	-12.421875	-6.768767	-0.368424	
319	13.125000	-12.329100	-6.798337	-0.341318	
320	13.476625	-11.250000	-7.131324	-0.054404	
320	13.549676	-11.015625	-7.201462	0.001763	
321	13.549676	-11.015625	-7.201462	0.001763	
321	13.593750	-10.871702	-7.244220	0.035275	
322	13.593750	-10.871702	-7.244220	0.035275	
322	13.621838	-10.781250	-7.270527	0.055621	
323	13.621838	-10.781250	-7.270527	0.055621	
323	13.693503	-10.546875	-7.338205	0.107001	
324	13.693503	-10.546875	-7.338205	0.107001	
324	13.763684	-10.312500	-7.405068	0.156400	
325	13.763684	-10.312500	-7.405068	0.156400	
325	13.828125	-10.092857	-7.466942	0.200902	
326	13.828125	-10.092857	-7.466942	0.200902	
326	13.832511	-10.078125	-7.470991	0.203773	
327	13.832511	-10.078125	-7.470991	0.203773	
327	13.901389	-9.843750	-7.534974	0.248479	
328	13.901389	-9.843750	-7.534974	0.248479	
328	13.968850	-9.609375	-7.597940	0.291242	
329	13.968850	-9.609375	-7.597940	0.291242	
329	14.034921	-9.375000	-7.659830	0.332070	
330	14.034921	-9.375000	-7.659830	0.332070	
330	14.062500	-9.275560	-7.685777	0.348829	
331	14.062500	-9.275560	-7.685777	0.348829	
331	14.100503	-9.140625	-7.719956	0.370579	
332	14.100503	-9.140625	-7.719956	0.370579	
332	14.165377	-8.906250	-7.778404	0.406906	
333	14.165377	-8.906250	-7.778404	0.406906	
333	14.228919	-8.671875	-7.835572	0.441366	
334	14.228919	-8.671875	-7.835572	0.441366	
334	14.291155	-8.437500	-7.891400	0.473978	
335	14.291155	-8.437500	-7.891400	0.473978	
335	14.296875	-8.415655	-7.896544	0.476931	
336	14.296875	-8.415655	-7.896544	0.476931	
336	14.353422	-8.203125	-7.944820	0.504202	
337	14.353422	-8.203125	-7.944820	0.504202	
337	14.414548	-7.968750	-7.996656	0.532592	
338	14.531250	-7.507294	-8.094158	0.583405	
338	14.533106	-7.500000	-8.095610	0.584135	
339	14.414548	-7.968750	-7.996656	0.532592	
339	14.474420	-7.734375	-8.046951	0.559232	
340	14.474420	-7.734375	-8.046951	0.559232	
340	14.531250	-7.507294	-8.094158	0.583405	
341	14.533106	-7.500000	-8.095610	0.584135	
341	14.591911	-7.265625	-8.141529	0.606827	
342	14.591911	-7.265625	-8.141529	0.606827	
342	14.649510	-7.031250	-8.185715	0.627894	
343	14.649510	-7.031250	-8.185715	0.627894	
343	14.705926	-6.796875	-8.228110	0.647374	
344	14.705926	-6.796875	-8.228110	0.647374	
344	14.761178	-6.562500	-8.268658	0.665305	
345	14.761178	-6.562500	-8.268658	0.665305	
345	14.765625	-6.543352	-8.271901	0.666709	
346	14.765625	-6.543352	-8.271901	0.666709	
346	14.816475	-6.328125	-8.306289	0.681307	
347	14.816475	-6.328125	-8.306289	0.681307	
347	14.870734	-6.093750	-8.341865	0.695840	
348	14.870734	-6.093750	-8.341865	0.695840	
348	14.923869	-5.859375	-8.375424	0.708990	
349	14.923869	-5.859375	-8.375424	0.708990	
349	14.975899	-5.625000	-8.406915	0.720805	
350	14.975899	-5.625000	-8.406915	0.720805	
350	15.000000	-5.514464	-8.421087	0.725948	
351	15.991973	0.000000	-8.387007	0.763298	
351	16.024443	0.234375	-8.353192	0.763480	
352	16.024443	0.234375	-8.353192	0.763480	
352	16.055988	0.468750	-8.316973	0.764191	
353	16.055988	0.468750	-8.316973	0.764191	
353	16.086614	0.703125	-8.278375	0.765492	
354	16.086614	0.703125	-8.278375	0.765492	
354	16.116322	0.937500	-8.237424	0.767446	
355	16.116322	0.937500	-8.237424	0.767446	
355	16.145116	1.171875	-8.194151	0.770115	
356	16.171875	1.396775	-8.150487	0.773402	
356	16.173026	1.406250	-8.148560	0.773561	
357	16.145116	1.171875	-8.194151	0.770115	
357	16.171875	1.396775	-8.150487	0.773402	
358	16.173026	1.406250	-8.148560	0.773561	
358	16.200662	1.640625	-8.100078	0.777900	
359	16.200662	1.640625	-8.100078	0.777900	
359	16.227372	1.875000	-8.049397	0.783143	
360	16.227372	1.875000	-8.049397	0.783143	
360	16.253155	2.109375	-7.996555	0.789343	
361	16.253155	2.109375	-7.996555	0.789343	
361	16.278014	2.343750	-7.941592	0.796553	
362	16.278014	2.343750	-7.941592	0.796553	
362	16.301949	2.578125	-7.884549	0.804821	
363	16.301949	2.578125	-7.884549	0.804821	
363	16.324959	2.812500	-7.825470	0.814196	
364	16.324959	2.812500	-7.825470	0.814196	
364	16.347045	3.046875	-7.764398	0.824723	
365	16.347045	3.046875	-7.764398	0.824723	
365	16.368205	3.281250	-7.701379	0.836446	
366	16.406250	3.731831	-7.574959	0.862489	
366	16.407781	3.750000	-7.569653	0.863653	
367	16.368205	3.281250	-7.701379	0.836446	
367	16.388438	3.515625	-7.636460	0.849407	
368	16.388438	3.515625	-7.636460	0.849407	
368	16.406250	3.731831	-7.574959	0.862489	
369	16.407781	3.750000	-7.569653	0.863653	
369	16.426614	3.984375	-7.500640	0.879310	
370	16.426614	3.984375	-7.500640	0.879310	
370	16.444494	4.218750	-7.429898	0.896323	
371	16.444494	4.218750	-7.429898	0.896323	
371	16.461418	4.453125	-7.357478	0.914725	
372	16.461418	4.453125	-7.357478	0.914725	
372	16.477383	4.687500	-7.283430	0.934547	
373	16.477383	4.687500	-7.283430	0.934547	
373	16.492387	4.921875	-7.207805	0.955817	
374	16.492387	4.921875	-7.207805	0.955817	
374	16.506424	5.156250	-7.130654	0.978562	
375	16.506424	5.156250	-7.130654	0.978562	
375	16.519494	5.390625	-7.052029	1.002807	
376	16.519494	5.390625	-7.052029	1.002807	
376	16.531591	5.625000	-6.971981	1.028574	
377	16.531591	5.625000	-6.971981	1.028574	
377	16.542713	5.859375	-6.890561	1.055886	
378	16.542713	5.859375	-6.890561	1.055886	
378	16.552857	6.093750	-6.807819	1.084760	
379	16.552857	6.093750	-6.807819	1.084760	
379	16.562018	6.328125	-6.723806	1.115216	
380	16.562018	6.328125	-6.723806	1.115216	
380	16.570195	6.562500	-6.638572	1.147269	
381	16.570195	6.562500	-6.638572	1.147269	
381	16.577384	6.796875	-6.552167	1.180935	
382	16.577384	6.796875	-6.552167	1.180935	
382	16.583582	7.031250	-6.464638	1.216227	
383	16.583582	7.031250	-6.464638	1.216227	
383	16.588787	7.265625	-6.376034	1.253156	
384	16.588787	7.265625	-6.376034	1.253156	
384	16.592995	7.500000	-6.286402	1.291733	
385	16.592995	7.500000	-6.286402	1.291733	
385	16.596204	7.734375	-6.195790	1.331967	
386	16.596204	7.734375	-6.195790	1.331967	
386	16.598411	7.968750	-6.104244	1.373867	
387	16.598411	7.968750	-6.104244	1.373867	
387	16.599614	8.203125	-6.011808	1.417438	
388	16.599614	8.203125	-6.011808	1.417438	
388	16.599809	8.437500	-5.918530	1.462686	
389	16.599809	8.437500	-5.918530	1.462686	
389	16.598992	8.671875	-5.824453	1.509616	
390	16.598992	8.671875	-5.824453	1.509616	
390	16.597160	8.906250	-5.729622	1.558229	
391	16.597160	8.906250	-5.729622	1.558229	
391	16.594308	9.140625	-5.634080	1.608527	
392	16.594308	9.140625	-5.634080	1.608527	
392	16.590430	9.375000	-5.537873	1.660510	
393	16.590430	9.375000	-5.537873	1.660510	
393	16.585522	9.609375	-5.441042	1.714178	
394	16.585522	9.609375	-5.441042	1.714178	
394	16.579575	9.843750	-5.343632	1.769526	
395	16.579575	9.843750	-5.343632	1.769526	
395	16.572583	10.078125	-5.245684	1.826552	
396	16.572583	10.078125	-5.245684	1.826552	
396	16.564537	10.312500	-5.147242	1.885250	
397	16.564537	10.312500	-5.147242	1.885250	
397	16.555428	10.546875	-5.048348	1.945615	
398	16.555428	10.546875	-5.048348	1.945615	
398	16.545245	10.781250	-4.949044	2.007637	
399	16.545245	10.781250	-4.949044	2.007637	
399	16.533977	11.015625	-4.849370	2.071309	
400	16.533977	11.015625	-4.849370	2.071309	
400	16.521612	11.250000	-4.749368	2.136621	
401	16.521612	11.250000	-4.749368	2.136621	
401	16.508136	11.484375	-4.649079	2.203561	
402	16.508136	11.484375	-4.649079	2.203561	
402	16.493536	11.718750	-4.548543	2.272117	
403	16.493536	11.718750	-4.548543	2.272117	
403	16.477797	11.953125	-4.447799	2.342277	
404	16.477797	11.953125	-4.447799	2.342277	
404	16.460903	12.187500	-4.346886	2.414026	
405	16.460903	12.187500	-4.346886	2.414026	
405	16.442837	12.421875	-4.245842	2.487350	
406	16.442837	12.421875	-4.245842	2.487350	
406	16.423582	12.656250	-4.144705	2.562232	
407	16.406250	12.854912	-4.058976	2.626880	
407	16.423582	12.656250	-4.144705	2.562232	
408	16.403189	12.890625	-4.043468	2.638690	
408	16.406250	12.854912	-4.058976	2.626880	
409	16.403189	12.890625	-4.043468	2.638690	
409	16.381974	13.125000	-3.941955	2.716874	
410	16.381974	13.125000	-3.941955	2.716874	
410	16.359533	13.359375	-3.840453	2.796576	
411	16.359533	13.359375	-3.840453	2.796576	
411	16.335845	13.593750	-3.738998	2.877780	
412	16.335845	13.593750	-3.738998	2.877780	
412	16.310888	13.828125	-3.637624	2.960465	
413	16.310888	13.828125	-3.637624	2.960465	
413	16.284640	14.062500	-3.536365	3.044612	
414	16.284640	14.062500	-3.536365	3.044612	
414	16.257078	14.296875	-3.435253	3.130200	
415	16.257078	14.296875	-3.435253	3.130200	
415	16.228178	14.531250	-3.334320	3.217210	
416	16.228178	14.531250	-3.334320	3.217210	
416	16.197916	14.765625	-3.233597	3.305620	
417	16.171875	14.958687	-3.150849	3.379447	
417	16.197916	14.765625	-3.233597	3.305620	
418	16.166381	15.000000	-3.133051	3.395468	
418	16.171875	14.958687	-3.150849	3.379447	
419	16.166381	15.000000	-3.133051	3.395468	
419	16.133985	15.234375	-3.032471	3.486954	
420	16.133985	15.234375	-3.032471	3.486954	
420	16.100164	15.468750	-2.932193	3.579784	
421	16.100164	15.468750	-2.932193	3.579784	
421	16.064888	15.703125	-2.832246	3.673936	
422	16.064888	15.703125	-2.832246	3.673936	
422	16.028131	15.937500	-2.732656	3.769387	
423	16.028131	15.937500	-2.732656	3.769387	
423	15.989861	16.171875	-2.633451	3.866116	
424	15.989861	16.171875	-2.633451	3.866116	
424	15.950050	16.406250	-2.534655	3.964099	
425	15.937500	16.477713	-2.504667	3.994170	
425	15.950050	16.406250	-2.534655	3.964099	
426	15.909207	16.640625	-2.436023	4.063589	
426	15.937500	16.477713	-2.504667	3.994170	
427	15.909207	16.640625	-2.436023	4.063589	
427	15.867008	16.875000	-2.337738	4.164414	
428	15.867008	16.875000	-2.337738	4.164414	
428	15.823179	17.109375	-2.239943	4.266430	
429	15.823179	17.109375	-2.239943	4.266430	
429	15.777687	17.343750	-2.142663	4.369611	
430	15.777687	17.343750	-2.142663	4.369611	
430	15.730495	17.578125	-2.045920	4.473936	
431	15.703125	17.709756	-1.991880	4.532966	
431	15.730495	17.578125	-2.045920	4.473936	
432	15.681945	17.812500	-1.949562	4.579572	
432	15.703125	17.709756	-1.991880	4.532966	
433	15.681945	17.812500	-1.949562	4.579572	
433	15.632111	18.046875	-1.853569	4.686551	
434	15.632111	18.046875	-1.853569	4.686551	
434	15.580471	18.281250	-1.758187	4.794606	
435	15.580471	18.281250	-1.758187	4.794606	
435	15.526984	18.515625	-1.663436	4.903711	
436	15.526984	18.515625	-1.663436	4.903711	
436	15.471610	18.750000	-1.569333	5.013845	
437	15.415173	18.984375	-1.475536	5.125418	
437	15.468750	18.761809	-1.564618	5.019411	
438	15.415173	18.984375	-1.475536	5.125418	
438	15.356808	19.218750	-1.382420	5.237995	
439	15.468750	18.761809	-1.564618	5.019411	
439	15.471610	18.750000	-1.569333	5.013845	
440	15.356808	19.218750	-1.382420	5.237995	
440	15.296425	19.453125	-1.290019	5.351529	
441	15.234375	19.686031	-1.198925	5.465276	
441	15.296425	19.453125	-1.290019	5.351529	
442	15.233985	19.687500	-1.198349	5.466001	
442	15.234375	19.686031	-1.198925	5.465276	
443	15.233985	19.687500	-1.198349	5.466001	
443	15.170364	19.921875	-1.107067	5.581846	
444	15.170364	19.921875	-1.107067	5.581846	
444	15.104576	20.156250	-1.016566	5.698576	
445	15.104576	20.156250	-1.016566	5.698576	
445	15.036572	20.390625	-0.926858	5.816169	
446	15.000000	20.513282	-0.880262	5.878007	
446	15.036572	20.390625	-0.926858	5.816169	
447	14.966748	20.625000	-0.837795	5.934823	
447	15.000000	20.513282	-0.880262	5.878007	
448	14.966748	20.625000	-0.837795	5.934823	
448	14.895087	20.859375	-0.749388	6.054533	
449	14.895087	20.859375	-0.749388	6.054533	
449	14.821037	21.093750	-0.661832	6.175035	
450	14.744796	21.328125	-0.575053	6.296430	
450	14.765625	21.264107	-0.598752	6.263080	
451	14.765625	21.264107	-0.598752	6.263080	
451	14.821037	21.093750	-0.661832	6.175035	
452	14.744796	21.328125	-0.575053	6.296430	
452	14.666714	21.562500	-0.488932	6.418894	
453	14.503045	22.031250	-0.319319	6.666109	
453	14.531250	21.951736	-0.347930	6.623832	
454	14.666714	21.562500	-0.488932	6.418894	
454	14.586050	21.796875	-0.403716	6.542078	
455	14.531250	21.951736	-0.347930	6.623832	
455	14.586050	21.796875	-0.403716	6.542078	
456	14.503045	22.031250	-0.319319	6.666109	
456	14.417905	22.265625	-0.235672	6.791093	
457	14.417905	22.265625	-0.235672	6.791093	
457	14.329966	22.500000	-0.152979	6.916729	
458	14.050868	23.203125	0.089915	7.298409	
458	14.062500	23.174852	0.080287	7.282905	
459	14.050868	23.203125	0.089915	7.298409	
459	13.952521	23.437500	0.169105	7.427178	
460	14.239688	22.734375	-0.071093	7.043247	
460	14.296875	22.586160	-0.122836	6.963054	
461	14.296875	22.586160	-0.122836	6.963054	
461	14.329966	22.500000	-0.152979	6.916729	
462	14.239688	22.734375	-0.071093	7.043247	
462	14.146752	22.968750	0.009897	7.170512	
463	14.062500	23.174852	0.080287	7.282905	
463	14.146752	22.968750	0.009897	7.170512	
464	13.952521	23.437500	0.169105	7.427178	
464	13.850939	23.671875	0.247263	7.556488	
465	13.828125	23.723449	0.264317	7.585007	
465	13.850939	23.671875	0.247263	7.556488	
466	13.746558	23.906250	0.324516	7.686560	
466	13.828125	23.723449	0.264317	7.585007	
467	13.746558	23.906250	0.324516	7.686560	
467	13.638881	24.140625	0.400743	7.817196	
468	13.593750	24.236620	0.431652	7.870837	
468	13.638881	24.140625	0.400743	7.817196	
469	13.527999	24.375000	0.475980	7.948463	
469	13.593750	24.236620	0.431652	7.870837	
470	13.527999	24.375000	0.475980	7.948463	
470	13.413673	24.609375	0.550181	8.080289	
471	13.359375	24.718073	0.584219	8.141579	
471	13.413673	24.609375	0.550181	8.080289	
472	13.295801	24.843750	0.623333	8.212661	
472	13.359375	24.718073	0.584219	8.141579	
473	13.295801	24.843750	0.623333	8.212661	
473	13.174201	25.078125	0.695409	8.345539	
474	13.125000	25.170840	0.723612	8.398223	
474	13.174201	25.078125	0.695409	8.345539	
475	13.048721	25.312500	0.766390	8.478899	
475	13.125000	25.170840	0.723612	8.398223	
476	13.048721	25.312500	0.766390	8.478899	
476	12.919138	25.546875	0.836245	8.612690	
477	12.890625	25.597457	0.851173	8.641623	
477	12.919138	25.546875	0.836245	8.612690	
478	12.785279	25.781250	0.904954	8.746891	
478	12.890625	25.597457	0.851173	8.641623	
479	12.656250	26.000067	0.968046	8.872519	
479	12.785279	25.781250	0.904954	8.746891	
480	12.646906	26.015625	0.972489	8.881457	
480	12.656250	26.000067	0.968046	8.872519	
481	12.646906	26.015625	0.972489	8.881457	
481	12.503723	26.250000	1.038813	9.016327	
482	12.042592	26.953125	1.230247	9.422376	
482	12.187500	26.740493	1.173606	9.299460	
483	11.953125	27.081330	1.263923	9.496654	
483	12.042592	26.953125	1.230247	9.422376	
484	11.877177	27.187500	1.291429	9.558018	
484	11.953125	27.081330	1.263923	9.496654	
485	12.355501	26.484375	1.103904	9.151476	
485	12.421875	26.380614	1.075263	9.091657	
486	12.421875	26.380614	1.075263	9.091657	
486	12.503723	26.250000	1.038813	9.016327	
487	12.355501	26.484375	1.103904	9.151476	
487	12.201983	26.718750	1.167741	9.286873	
488	12.187500	26.740493	1.173606	9.299460	
488	12.201983	26.718750	1.167741	9.286873	
489	11.705349	27.421875	1.351254	9.693750	
489	11.718750	27.404042	1.346765	9.683455	
490	11.705349	27.421875	1.351254	9.693750	
490	11.526256	27.656250	1.409620	9.829368	
491	11.718750	27.404042	1.346765	9.683455	
491	11.877177	27.187500	1.291429	9.558018	
492	11.339494	27.890625	1.466511	9.964853	
492	11.484375	27.710010	1.422842	9.860554	
493	11.484375	27.710010	1.422842	9.860554	
493	11.526256	27.656250	1.409620	9.829368	
494	11.250000	28.000021	1.492617	10.028196	
494	11.339494	27.890625	1.466511	9.964853	
495	11.144500	28.125000	1.521889	10.100149	
495	11.250000	28.000021	1.492617	10.028196	
496	10.263840	29.062500	1.726918	10.636758	
496	10.312500	29.016037	1.717486	10.610603	
497	10.726496	28.593750	1.627855	10.369687	
497	10.781250	28.535369	1.615081	10.336381	
498	10.940483	28.359375	1.575694	10.235140	
498	11.015625	28.274877	1.556550	10.186688	
499	11.015625	28.274877	1.556550	10.186688	
499	11.144500	28.125000	1.521889	10.100149	
500	10.781250	28.535369	1.615081	10.336381	
500	10.940483	28.359375	1.575694	10.235140	
501	10.501403	28.828125	1.678292	10.503624	
501	10.546875	28.782212	1.668606	10.477590	
502	10.546875	28.782212	1.668606	10.477590	
502	10.726496	28.593750	1.627855	10.369687	
503	10.312500	29.016037	1.717486	10.610603	
503	10.501403	28.828125	1.678292	10.503624	
504	9.744412	29.531250	1.818332	10.899694	
504	9.843750	29.446824	1.802565	10.853010	
505	10.012169	29.296875	1.773634	10.768866	
505	10.078125	29.237410	1.762042	10.735670	
506	10.078125	29.237410	1.762042	10.735670	
506	10.263840	29.062500	1.726918	10.636758	
507	9.843750	29.446824	1.802565	10.853010	
507	10.012169	29.296875	1.773634	10.768866	
508	9.458172	29.765625	1.860897	11.028955	
508	9.609375	29.644714	1.839319	10.962808	
509	9.609375	29.644714	1.839319	10.962808	
509	9.744412	29.531250	1.818332	10.899694	
510	9.375000	29.831455	1.872540	11.065214	
510	9.458172	29.765625	1.860897	11.028955	
511	9.150527	30.000000	1.901201	11.156333	
511	9.375000	29.831455	1.872540	11.065214	
512	-16.011423	0.000000	8.137655	-2.180407	
512	-16.003868	0.234375	8.144034	-2.180429	
513	-16.003868	0.234375	8.144034	-2.180429	
513	-16.000957	0.468750	8.142507	-2.180389	
514	-16.000957	0.468750	8.142507	-2.180389	
514	-16.001481	0.703125	8.134187	-2.180103	
515	-16.001481	0.703125	8.134187	-2.180103	
515	-16.002914	0.937500	8.121490	-2.179483	
516	-16.002914	0.937500	8.121490	-2.179483	
516	-16.001737	1.171875	8.107827	-2.178609	
517	-16.001737	1.171875	8.107827	-2.178609	
517	-15.994122	1.406250	8.096918	-2.177734	
518	-15.994122	1.406250	8.096918	-2.177734	
518	-15.976619	1.640625	8.092105	-2.177264	
519	-15.976619	1.640625	8.092105	-2.177264	
519	-15.946607	1.875000	8.095880	-2.177686	
520	-15.946607	1.875000	8.095880	-2.177686	
520	-15.937500	1.924294	8.098957	-2.178063	
521	-15.937500	1.924294	8.098957	-2.178063	
521	-15.905074	2.109375	8.107112	-2.179138	
522	-15.905074	2.109375	8.107112	-2.179138	
522	-15.849789	2.343750	8.127881	-2.182174	
523	-15.849789	2.343750	8.127881	-2.182174	
523	-15.780810	2.578125	8.157971	-2.187103	
524	-15.703125	2.807760	8.193241	-2.193498	
524	-15.701450	2.812500	8.193997	-2.193642	
525	-15.780810	2.578125	8.157971	-2.187103	
525	-15.703125	2.807760	8.193241	-2.193498	
526	-15.701450	2.812500	8.193997	-2.193642	
526	-15.616597	3.046875	8.231164	-2.201024	
527	-15.616597	3.046875	8.231164	-2.201024	
527	-15.530362	3.281250	8.265598	-2.208430	
528	-15.468750	3.456615	8.286037	-2.213105	
528	-15.447126	3.515625	8.293289	-2.214822	
529	-15.447126	3.515625	8.293289	-2.214822	
529	-15.369093	3.750000	8.312388	-2.219524	
530	-15.530362	3.281250	8.265598	-2.208430	
530	-15.468750	3.456615	8.286037	-2.213105	
531	-15.369093	3.750000	8.312388	-2.219524	
531	-15.297494	3.984375	8.321971	-2.222025	
532	-15.234375	4.206828	8.323483	-2.222434	
532	-15.231000	4.218750	8.323473	-2.222432	
533	-15.297494	3.984375	8.321971	-2.222025	
533	-15.234375	4.206828	8.323483	-2.222434	
534	-15.231000	4.218750	8.323473	-2.222432	
534	-15.168581	4.453125	8.317991	-2.220823	
535	-15.168581	4.453125	8.317991	-2.220823	
535	-15.108701	4.687500	8.307036	-2.217451	
536	-15.108701	4.687500	8.307036	-2.217451	
536	-15.050065	4.921875	8.291858	-2.212554	
537	-15.050065	4.921875	8.291858	-2.212554	
537	-15.000000	5.123369	8.276061	-2.207239	
538	-15.000000	5.123369	8.276061	-2.207239	
538	-14.991929	5.156250	8.273183	-2.206249	
539	-14.991929	5.156250	8.273183	-2.206249	
539	-14.934396	5.390625	8.250976	-2.198412	
540	-14.934396	5.390625	8.250976	-2.198412	
540	-14.876289	5.625000	8.226336	-2.189336	
541	-14.876289	5.625000	8.226336	-2.189336	
541	-14.817587	5.859375	8.199333	-2.178974	
542	-14.765625	6.066650	8.173151	-2.168551	
542	-14.758778	6.093750	8.169614	-2.167116	
543	-14.817587	5.859375	8.199333	-2.178974	
543	-14.765625	6.066650	8.173151	-2.168551	
544	-14.758778	6.093750	8.169614	-2.167116	
544	-14.700748	6.328125	8.136523	-2.153408	
545	-14.700748	6.328125	8.136523	-2.153408	
545	-14.644612	6.562500	8.099248	-2.137409	
546	-14.644612	6.562500	8.099248	-2.137409	
546	-14.593567	6.796875	8.055293	-2.117901	
547	-14.593567	6.796875	8.055293	-2.117901	
547	-14.552387	7.031250	8.000957	-2.093017	
548	-14.531250	7.220412	7.945708	-2.067037	
548	-14.525989	7.265625	7.932482	-2.060732	
549	-14.525989	7.265625	7.932482	-2.060732	
549	-14.517316	7.500000	7.847699	-2.019647	
550	-14.552387	7.031250	8.000957	-2.093017	
550	-14.531250	7.220412	7.945708	-2.067037	
551	-14.531250	7.859902	7.691801	-1.941395	
551	-14.536787	7.968750	7.642652	-1.916006	
552	-14.517316	7.500000	7.847699	-2.019647	
552	-14.524232	7.734375	7.748435	-1.970216	
553	-14.531250	7.859902	7.691801	-1.941395	
553	-14.524232	7.734375	7.748435	-1.970216	
554	-14.536787	7.968750	7.642652	-1.916006	
554	-14.545346	8.203125	7.537930	-1.860643	
555	-14.545346	8.203125	7.537930	-1.860643	
555	-14.542195	8.437500	7.440191	-1.807208	
556	-14.542195	8.437500	7.440191	-1.807208	
556	-14.531250	8.566897	7.392377	-1.780347	
557	-14.531250	8.566897	7.392377	-1.780347	
557	-14.523562	8.671875	7.352127	-1.757319	
558	-14.523562	8.671875	7.352127	-1.757319	
558	-14.488907	8.906250	7.273844	-1.711283	
559	-14.488907	8.906250	7.273844	-1.711283	
559	-14.434753	9.140625	7.207585	-1.670788	
560	-14.434753	9.140625	7.207585	-1.670788	
560	-14.360502	9.375000	7.153282	-1.636297	
561	-14.360502	9.375000	7.153282	-1.636297	
561	-14.296875	9.540262	7.121296	-1.615314	
562	-14.296875	9.540262	7.121296	-1.615314	
562	-14.269166	9.609375	7.108245	-1.606589	
563	-14.269166	9.609375	7.108245	-1.606589	
563	-14.164595	9.843750	7.069393	-1.579986	
564	-14.164595	9.843750	7.069393	-1.579986	
564	-14.062500	10.057103	7.036093	-1.556373	
565	-14.062500	10.057103	7.036093	-1.556373	
565	-14.051596	10.078125	7.033244	-1.554316	
566	-14.051596	10.078125	7.033244	-1.554316	
566	-13.936302	10.312500	6.995723	-1.526743	
567	-13.936302	10.312500	6.995723	-1.526743	
567	-13.828125	10.544126	6.952330	-1.493820	
568	-13.828125	10.544126	6.952330	-1.493820	
568	-13.826798	10.546875	6.951828	-1.493433	
569	-13.826798	10.546875	6.951828	-1.493433	
569	-13.724199	10.781250	6.901263	-1.453897	
570	-13.593750	11.113862	6.816742	-1.385506	
570	-13.544060	11.250000	6.778888	-1.354051	
571	-13.724199	10.781250	6.901263	-1.453897	
571	-13.630397	11.015625	6.843230	-1.407223	
572	-13.630397	11.015625	6.843230	-1.407223	
572	-13.593750	11.113862	6.816742	-1.385506	
573	-13.544060	11.250000	6.778888	-1.354051	
573	-13.464410	11.484375	6.708977	-1.294729	
574	-13.464410	11.484375	6.708977	-1.294729	
574	-13.390577	11.718750	6.634236	-1.229640	
575	-13.390577	11.718750	6.634236	-1.229640	
575	-13.359375	11.825499	6.598367	-1.197818	
576	-13.359375	11.825499	6.598367	-1.197818	
576	-13.323284	11.953125	6.554460	-1.158366	
577	-13.323284	11.953125	6.554460	-1.158366	
577	-13.263481	12.187500	6.469340	-1.080373	
578	-13.263481	12.187500	6.469340	-1.080373	
578	-13.213081	12.421875	6.378066	-0.994636	
579	-13.213081	12.421875	6.378066	-0.994636	
579	-13.175755	12.656250	6.278950	-0.899238	
580	-13.175755	12.656250	6.278950	-0.899238	
580	-13.156867	12.890625	6.169512	-0.791378	
581	-13.156867	12.890625	6.169512	-0.791378	
581	-13.163945	13.125000	6.046279	-0.667090	
582	-12.187500	14.720462	5.675652	-0.327946	
582	-12.143401	14.765625	5.672641	-0.324543	
583	-12.143401	14.765625	5.672641	-0.324543	
583	-11.977172	15.000000	5.627806	-0.272378	
584	-12.802667	14.531250	5.474258	-0.122489	
584	-12.656250	14.497094	5.566343	-0.213718	
585	-12.656250	14.497094	5.566343	-0.213718	
585	-12.496010	14.531250	5.627695	-0.276834	
586	-12.496010	14.531250	5.627695	-0.276834	
586	-12.421875	14.552077	5.652520	-0.303035	
587	-12.421875	14.552077	5.652520	-0.303035	
587	-12.187500	14.720462	5.675652	-0.327946	
588	-13.125000	14.623008	5.251205	0.078461	
588	-12.890625	14.541094	5.422771	-0.073358	
589	-12.890625	14.541094	5.422771	-0.073358	
589	-12.802667	14.531250	5.474258	-0.122489	
590	-13.163945	13.125000	6.046279	-0.667090	
590	-13.208214	13.359375	5.904061	-0.520327	
591	-13.208214	13.359375	5.904061	-0.520327	
591	-13.314488	13.593750	5.731561	-0.337496	
592	-13.359375	13.633844	5.689444	-0.291903	
592	-13.462484	13.828125	5.541375	-0.127229	
593	-13.359375	13.633844	5.689444	-0.291903	
593	-13.314488	13.593750	5.731561	-0.337496	
594	-13.593750	13.975185	5.410036	0.028086	
594	-13.462484	13.828125	5.541375	-0.127229	
595	-13.593750	13.975185	5.410036	0.028086	
595	-13.625834	14.062500	5.354403	0.098642	
596	-13.625834	14.062500	5.354403	0.098642	
596	-13.737139	14.296875	5.217233	0.300958	
597	-13.828125	14.498374	5.149871	0.416434	
597	-13.737139	14.296875	5.217233	0.300958	
598	-13.828125	14.498374	5.149871	0.416434	
598	-13.888584	14.531250	5.110279	0.433766	
599	-13.453212	14.765625	5.015411	0.241164	
599	-13.359375	14.702339	5.077734	0.202311	
600	-13.359375	14.702339	5.077734	0.202311	
600	-13.125000	14.623008	5.251205	0.078461	
601	-13.593750	14.994662	4.916249	0.414398	
601	-13.453212	14.765625	5.015411	0.241164	
602	-14.062500	14.613711	4.963852	0.520902	
602	-13.888584	14.531250	5.110279	0.433766	
603	-13.599627	15.000000	4.912504	0.420600	
603	-13.593750	14.994662	4.916249	0.414398	
604	-14.062500	14.613711	4.963852	0.520902	
604	-14.242583	14.765625	4.772167	0.669102	
605	-14.242583	14.765625	4.772167	0.669102	
605	-14.242657	15.000000	4.647208	0.782144	
606	-11.977172	15.000000	5.627806	-0.272378	
606	-11.953125	15.048664	5.613842	-0.255754	
607	-11.953125	15.048664	5.613842	-0.255754	
607	-11.858849	15.234375	5.561087	-0.191766	
608	-11.858849	15.234375	5.561087	-0.191766	
608	-11.765649	15.468750	5.483422	-0.094770	
609	-11.718750	15.606837	5.434337	-0.032002	
609	-11.684327	15.703125	5.400671	0.011647	
610	-11.684327	15.703125	5.400671	0.011647	
610	-11.607823	15.937500	5.315792	0.123723	
611	-11.765649	15.468750	5.483422	-0.094770	
611	-11.718750	15.606837	5.434337	-0.032002	
612	-11.607823	15.937500	5.315792	0.123723	
612	-11.531744	16.171875	5.230519	0.239106	
613	-11.484375	16.314655	5.178838	0.310356	
613	-11.453429	16.406250	5.145846	0.356359	
614	-11.531744	16.171875	5.230519	0.239106	
614	-11.484375	16.314655	5.178838	0.310356	
615	-11.453429	16.406250	5.145846	0.356359	
615	-11.372135	16.640625	5.062053	0.475022	
616	-11.372135	16.640625	5.062053	0.475022	
616	-11.286305	16.875000	4.979658	0.594293	
617	-11.286305	16.875000	4.979658	0.594293	
617	-11.250000	16.970209	4.946627	0.642843	
618	-11.250000	16.970209	4.946627	0.642843	
618	-11.196907	17.109375	4.898337	0.714594	
619	-11.196907	17.109375	4.898337	0.714594	
619	-11.103804	17.343750	4.818136	0.835840	
620	-11.103804	17.343750	4.818136	0.835840	
620	-11.015625	17.556157	4.746592	0.946258	
621	-11.015625	17.556157	4.746592	0.946258	
621	-11.006530	17.578125	4.739185	0.957813	
622	-11.006530	17.578125	4.739185	0.957813	
622	-10.907044	17.812500	4.660907	1.081415	
623	-10.907044	17.812500	4.660907	1.081415	
623	-10.803659	18.046875	4.583792	1.205879	
624	-10.803659	18.046875	4.583792	1.205879	
624	-10.781250	18.096524	4.567607	1.232353	
625	-10.781250	18.096524	4.567607	1.232353	
625	-10.698199	18.281250	4.507335	1.332037	
626	-10.698199	18.281250	4.507335	1.332037	
626	-10.589618	18.515625	4.431829	1.459427	
627	-10.546875	18.605884	4.403029	1.508776	
627	-10.478848	18.750000	4.357038	1.588473	
628	-10.589618	18.515625	4.431829	1.459427	
628	-10.546875	18.605884	4.403029	1.508776	
629	-10.478848	18.750000	4.357038	1.588473	
629	-10.365508	18.984375	4.283072	1.719012	
630	-10.365508	18.984375	4.283072	1.719012	
630	-10.312500	19.091763	4.249511	1.779232	
631	-10.312500	19.091763	4.249511	1.779232	
631	-10.249962	19.218750	4.209853	1.851212	
632	-10.249962	19.218750	4.209853	1.851212	
632	-10.132084	19.453125	4.137426	1.985025	
633	-10.078125	19.558423	4.105201	2.045570	
633	-10.012066	19.687500	4.065760	2.120539	
634	-10.132084	19.453125	4.137426	1.985025	
634	-10.078125	19.558423	4.105201	2.045570	
635	-10.012066	19.687500	4.065760	2.120539	
635	-9.889716	19.921875	3.994914	2.257683	
636	-9.889716	19.921875	3.994914	2.257683	
636	-9.843750	20.008502	3.968970	2.308723	
637	-9.843750	20.008502	3.968970	2.308723	
637	-9.765368	20.156250	3.924830	2.396601	
638	-9.765368	20.156250	3.924830	2.396601	
638	-9.638510	20.390625	3.855629	2.537092	
639	-9.609375	20.443740	3.840077	2.569136	
639	-9.509861	20.625000	3.787183	2.679454	
640	-9.638510	20.390625	3.855629	2.537092	
640	-9.609375	20.443740	3.840077	2.569136	
641	-9.375000	20.865347	3.717997	2.826970	
641	-9.245377	21.093750	3.652970	2.969100	
642	-9.245377	21.093750	3.652970	2.969100	
642	-9.140625	21.274564	3.602197	3.082533	
643	-9.140625	21.274564	3.602197	3.082533	
643	-9.109507	21.328125	3.587231	3.116395	
644	-9.109507	21.328125	3.587231	3.116395	
644	-8.971624	21.562500	3.522357	3.265507	
645	-8.437500	22.433122	3.289873	3.833911	
645	-8.395082	22.500000	3.272576	3.878549	
646	-8.971624	21.562500	3.522357	3.265507	
646	-8.906250	21.671878	3.492435	3.335593	
647	-8.906250	21.671878	3.492435	3.335593	
647	-8.831246	21.796875	3.458441	3.416265	
648	-8.831246	21.796875	3.458441	3.416265	
648	-8.688209	22.031250	3.395519	3.568626	
649	-8.688209	22.031250	3.395519	3.568626	
649	-8.671875	22.057751	3.388466	3.585958	
650	-8.671875	22.057751	3.388466	3.585958	
650	-8.543105	22.265625	3.333519	3.722815	
651	-8.543105	22.265625	3.333519	3.722815	
651	-8.437500	22.433122	3.289873	3.833911	
652	-9.509861	20.625000	3.787183	2.679454	
652	-9.378383	20.859375	3.719704	2.823284	
653	-9.378383	20.859375	3.719704	2.823284	
653	-9.375000	20.865347	3.717997	2.826970	
654	-7.500000	23.835017	2.945663	4.797421	
654	-7.449479	23.906250	2.929246	4.847933	
655	-7.449479	23.906250	2.929246	4.847933	
655	-7.281224	24.140625	2.875989	5.015218	
656	-7.265625	24.162176	2.871148	5.030693	
656	-7.109822	24.375000	2.823911	5.184187	
657	-7.281224	24.140625	2.875989	5.015218	
657	-7.265625	24.162176	2.871148	5.030693	
658	-5.625000	26.221015	2.458568	6.572209	
658	-5.599343	26.250000	2.453514	6.594793	
659	-7.109822	24.375000	2.823911	5.184187	
659	-7.031250	24.480972	2.800759	5.261136	
660	-7.031250	24.480972	2.800759	5.261136	
660	-6.934863	24.609375	2.773063	5.354758	
661	-6.796875	24.790992	2.734511	5.488073	
661	-6.756250	24.843750	2.723463	5.526950	
662	-6.934863	24.609375	2.773063	5.354758	
662	-6.796875	24.790992	2.734511	5.488073	
663	-6.756250	24.843750	2.723463	5.526950	
663	-6.573904	25.078125	2.675133	5.700784	
664	-6.573904	25.078125	2.675133	5.700784	
664	-6.562500	25.092677	2.672172	5.711643	
665	-6.562500	25.092677	2.672172	5.711643	
665	-6.387701	25.312500	2.628096	5.876279	
666	-6.387701	25.312500	2.628096	5.876279	
666	-6.328125	25.386642	2.613480	5.932181	
667	-6.328125	25.386642	2.613480	5.932181	
667	-6.197337	25.546875	2.582388	6.053410	
668	-6.197337	25.546875	2.582388	6.053410	
668	-6.093750	25.672545	2.558421	6.149129	
669	-6.093750	25.672545	2.558421	6.149129	
669	-6.002632	25.781250	2.538036	6.232195	
670	-6.002632	25.781250	2.538036	6.232195	
670	-5.859375	25.950603	2.506835	6.362475	
671	-5.859375	25.950603	2.506835	6.362475	
671	-5.803379	26.015625	2.495068	6.412650	
672	-5.803379	26.015625	2.495068	6.412650	
672	-5.625000	26.221015	2.458568	6.572209	
673	-1.406250	29.915399	2.021512	9.698429	
673	-1.268631	30.000000	2.017524	9.777595	
674	-1.875000	29.608134	2.038863	9.414819	
674	-1.640625	29.764483	2.029490	9.558315	
675	-1.640625	29.764483	2.029490	9.558315	
675	-1.638846	29.765625	2.029426	9.559366	
676	-1.638846	29.765625	2.029426	9.559366	
676	-1.406250	29.915399	2.021512	9.698429	
677	-3.750000	28.127261	2.176163	8.117804	
677	-3.515625	28.334980	2.152109	8.293956	
678	-3.515625	28.334980	2.152109	8.293956	
678	-3.487247	28.359375	2.149385	8.314708	
679	-3.487247	28.359375	2.149385	8.314708	
679	-3.281250	28.536164	2.130208	8.466196	
680	-3.281250	28.536164	2.130208	8.466196	
680	-3.211957	28.593750	2.124210	8.515709	
681	-3.211957	28.593750	2.124210	8.515709	
681	-3.046875	28.730807	2.110372	8.634426	
682	-3.046875	28.730807	2.110372	8.634426	
682	-2.925643	28.828125	2.100980	8.719039	
683	-2.925643	28.828125	2.100980	8.719039	
683	-2.812500	28.918921	2.092510	8.798571	
684	-2.812500	28.918921	2.092510	8.798571	
684	-2.627167	29.062500	2.079778	8.924865	
685	-2.627167	29.062500	2.079778	8.924865	
685	-2.578125	29.100506	2.076532	8.958548	
686	-2.578125	29.100506	2.076532	8.958548	
686	-2.343750	29.275846	2.062323	9.114569	
687	-2.343750	29.275846	2.062323	9.114569	
687	-2.314614	29.296875	2.060705	9.133349	
688	-2.109375	29.445243	2.049779	9.266872	
688	-1.985496	29.531250	2.043879	9.344702	
689	-2.314614	29.296875	2.060705	9.133349	
689	-2.109375	29.445243	2.049779	9.266872	
690	-1.985496	29.531250	2.043879	9.344702	
690	-1.875000	29.608134	2.038863	9.414819	
691	-5.599343	26.250000	2.453514	6.594793	
691	-5.390625	26.483961	2.413478	6.778318	
692	-5.390625	26.483961	2.413478	6.778318	
692	-5.390248	26.484375	2.413408	6.778644	
693	-5.390248	26.484375	2.413408	6.778644	
693	-5.175713	26.718750	2.374787	6.964209	
694	-5.156250	26.739867	2.371376	6.981043	
694	-4.955433	26.953125	2.337685	7.151528	
695	-4.921875	26.988541	2.332205	7.180035	
695	-4.729025	27.187500	2.302142	7.340633	
696	-4.955433	26.953125	2.337685	7.151528	
696	-4.921875	26.988541	2.332205	7.180035	
697	-5.175713	26.718750	2.374787	6.964209	
697	-5.156250	26.739867	2.371376	6.981043	
698	-4.687500	27.230104	2.295841	7.375261	
698	-4.496054	27.421875	2.268198	7.531568	
699	-4.453125	27.464668	2.262166	7.566690	
699	-4.256026	27.656250	2.235898	7.724380	
700	-4.496054	27.421875	2.268198	7.531568	
700	-4.453125	27.464668	2.262166	7.566690	
701	-4.218750	27.692330	2.231067	7.754287	
701	-4.008380	27.890625	2.205292	7.919131	
702	-3.984375	27.913172	2.202434	7.938007	
702	-3.752482	28.125000	2.176433	8.115893	
703	-4.008380	27.890625	2.205292	7.919131	
703	-3.984375	27.913172	2.202434	7.938007	
704	-4.256026	27.656250	2.235898	7.724380	
704	-4.218750	27.692330	2.231067	7.754287	
705	-4.729025	27.187500	2.302142	7.340633	
705	-4.687500	27.230104	2.295841	7.375261	
706	-3.752482	28.125000	2.176433	8.115893	
706	-3.750000	28.127261	2.176163	8.117804	
707	-8.395082	22.500000	3.272576	3.878549	
707	-8.244548	22.734375	3.212645	4.035988	
708	-8.203125	22.798102	3.196535	4.079074	
708	-8.091412	22.968750	3.153755	4.195120	
709	-8.244548	22.734375	3.212645	4.035988	
709	-8.203125	22.798102	3.196535	4.079074	
710	-7.968750	23.153156	3.108201	4.321414	
710	-7.935244	23.203125	3.095968	4.355823	
711	-7.935244	23.203125	3.095968	4.355823	
711	-7.776351	23.437500	3.039262	4.518224	
712	-8.091412	22.968750	3.153755	4.195120	
712	-7.968750	23.153156	3.108201	4.321414	
713	-7.776351	23.437500	3.039262	4.518224	
713	-7.734375	23.498713	3.024635	4.560913	
714	-7.734375	23.498713	3.024635	4.560913	
714	-7.614535	23.671875	2.983673	4.682284	
715	-7.614535	23.671875	2.983673	4.682284	
715	-7.500000	23.835017	2.945663	4.797421	
