#REFERENCE 3 35.2821934 -66.3871985
1	-0.234375	-3.827943	-0.899650	12.385284	
1	0.000000	-3.795545	-2.411685	12.433569	
2	-0.468750	-3.853977	0.612869	12.252925	
2	-0.234375	-3.827943	-0.899650	12.385284	
3	-0.703125	-3.869291	2.107839	12.043043	
3	-0.468750	-3.853977	0.612869	12.252925	
4	-0.937500	-3.856392	3.596645	11.760023	
4	-0.703125	-3.869291	2.107839	12.043043	
5	-1.144038	-3.750000	5.026945	11.424114	
5	-0.937500	-3.856392	3.596645	11.760023	
6	-2.109375	-3.283148	11.004316	8.700848	
6	-1.875000	-3.463519	9.644920	9.523725	
7	-2.111983	-3.281250	11.018425	8.691733	
7	-2.109375	-3.283148	11.004316	8.700848	
8	-2.111983	-3.281250	11.018425	8.691733	
8	-2.306447	-3.046875	12.241955	7.846008	
9	-2.343750	-2.983267	12.508854	7.644951	
9	-2.306447	-3.046875	12.241955	7.846008	
10	-2.477175	-2.812500	13.294376	7.010891	
10	-2.343750	-2.983267	12.508854	7.644951	
11	-2.640066	-2.578125	14.229878	6.155864	
11	-2.578125	-2.658244	13.906157	6.465850	
12	-2.578125	-2.658244	13.906157	6.465850	
12	-2.477175	-2.812500	13.294376	7.010891	
13	-2.640066	-2.578125	14.229878	6.155864	
13	-2.793086	-2.343750	15.043863	5.295775	
14	-2.812500	-2.309285	15.149624	5.174088	
14	-2.793086	-2.343750	15.043863	5.295775	
15	-2.941104	-2.109375	15.748538	4.430989	
15	-2.812500	-2.309285	15.149624	5.174088	
16	-3.046875	-1.897862	16.266337	3.695993	
16	-2.941104	-2.109375	15.748538	4.430989	
17	-3.060253	-1.875000	16.320447	3.612908	
17	-3.046875	-1.897862	16.266337	3.695993	
18	-1.766603	-3.515625	9.043190	9.857604	
18	-1.640625	-3.554861	8.350547	10.221815	
19	-1.640625	-3.554861	8.350547	10.221815	
19	-1.406250	-3.539130	7.089256	10.814981	
20	-1.875000	-3.463519	9.644920	9.523725	
20	-1.766603	-3.515625	9.043190	9.857604	
21	-1.406250	-3.539130	7.089256	10.814981	
21	-1.171875	-3.746144	5.204729	11.378268	
22	-1.171875	-3.746144	5.204729	11.378268	
22	-1.144038	-3.750000	5.026945	11.424114	
23	-3.060253	-1.875000	16.320447	3.612908	
23	-3.176214	-1.640625	16.806050	2.797651	
24	-3.176214	-1.640625	16.806050	2.797651	
24	-3.262578	-1.406250	17.192443	2.027429	
25	-3.281250	-1.341722	17.284123	1.821907	
25	-3.262578	-1.406250	17.192443	2.027429	
26	-3.342693	-1.171875	17.508116	1.267447	
26	-3.281250	-1.341722	17.284123	1.821907	
27	-3.342693	-1.171875	17.508116	1.267447	
27	-3.405976	-0.937500	17.754199	0.530902	
28	-3.405976	-0.937500	17.754199	0.530902	
28	-3.450377	-0.703125	17.938232	-0.184233	
29	-3.450377	-0.703125	17.938232	-0.184233	
29	-3.479067	-0.468750	18.066830	-0.884397	
30	-3.479067	-0.468750	18.066830	-0.884397	
30	-3.494033	-0.234375	18.143868	-1.573315	
31	-3.494033	-0.234375	18.143868	-1.573315	
31	-3.496272	0.000000	18.171658	-2.253139	
32	0.234375	-3.754592	-3.899529	12.395279	
32	0.256681	-3.750000	-4.039201	12.387149	
33	0.000000	-3.795545	-2.411685	12.433569	
33	0.234375	-3.754592	-3.899529	12.395279	
34	0.256681	-3.750000	-4.039201	12.387149	
34	0.468750	-3.711564	-5.338435	12.272589	
35	0.468750	-3.711564	-5.338435	12.272589	
35	0.703125	-3.656405	-6.715563	12.070358	
36	0.703125	-3.656405	-6.715563	12.070358	
36	0.937500	-3.584320	-8.027599	11.793236	
37	0.937500	-3.584320	-8.027599	11.793236	
37	1.118239	-3.515625	-8.994932	11.530589	
38	1.171875	-3.496311	-9.269742	11.446168	
38	1.406250	-3.400790	-10.425605	11.039056	
39	1.118239	-3.515625	-8.994932	11.530589	
39	1.171875	-3.496311	-9.269742	11.446168	
40	1.640625	-3.282138	-11.516486	10.568446	
40	1.642395	-3.281250	-11.524315	10.564729	
41	1.406250	-3.400790	-10.425605	11.039056	
41	1.640625	-3.282138	-11.516486	10.568446	
42	1.642395	-3.281250	-11.524315	10.564729	
42	1.875000	-3.161078	-12.505868	10.055404	
43	2.578125	-2.924638	-14.618058	8.584510	
43	2.812500	-2.913430	-15.055378	8.212442	
44	2.343750	-2.927018	-14.142356	8.970652	
44	2.578125	-2.924638	-14.618058	8.584510	
45	1.875000	-3.161078	-12.505868	10.055404	
45	2.085325	-3.046875	-13.310531	9.564784	
46	2.109375	-3.031787	-13.400422	9.505221	
46	2.343750	-2.927018	-14.142356	8.970652	
47	2.085325	-3.046875	-13.310531	9.564784	
47	2.109375	-3.031787	-13.400422	9.505221	
48	2.812500	-2.913430	-15.055378	8.212442	
48	2.873833	-2.812500	-15.317718	7.994617	
49	2.873833	-2.812500	-15.317718	7.994617	
49	3.046875	-2.657771	-15.903491	7.429153	
50	3.046875	-2.657771	-15.903491	7.429153	
50	3.162719	-2.578125	-16.140870	7.085065	
51	3.162719	-2.578125	-16.140870	7.085065	
51	3.182122	-2.343750	-16.466174	6.633049	
52	2.812500	-2.436396	-15.810888	7.315971	
52	2.907655	-2.343750	-16.127507	7.004376	
53	2.812500	-2.172791	-16.259174	6.857671	
53	2.907655	-2.343750	-16.127507	7.004376	
54	3.182122	-2.343750	-16.466174	6.633049	
54	3.087420	-2.109375	-16.683034	6.336808	
55	3.087420	-2.109375	-16.683034	6.336808	
55	3.117255	-1.875000	-17.023132	5.836652	
56	3.117255	-1.875000	-17.023132	5.836652	
56	3.199767	-1.640625	-17.375217	5.231155	
57	3.199767	-1.640625	-17.375217	5.231155	
57	3.275709	-1.406250	-17.678055	4.608113	
58	3.281250	-1.387196	-17.700350	4.557190	
58	3.353383	-1.171875	-17.934098	3.964731	
59	3.353383	-1.171875	-17.934098	3.964731	
59	3.415524	-0.937500	-18.137140	3.321336	
60	3.275709	-1.406250	-17.678055	4.608113	
60	3.281250	-1.387196	-17.700350	4.557190	
61	3.415524	-0.937500	-18.137140	3.321336	
61	3.461218	-0.703125	-18.290651	2.677101	
62	3.461218	-0.703125	-18.290651	2.677101	
62	3.492248	-0.468750	-18.397273	2.028804	
63	3.492248	-0.468750	-18.397273	2.028804	
63	3.510168	-0.234375	-18.458079	1.374025	
64	3.515625	-0.012758	-18.473395	0.747475	
64	3.516044	0.000000	-18.473017	0.711175	
65	3.510168	-0.234375	-18.458079	1.374025	
65	3.515625	-0.012758	-18.473395	0.747475	
66	3.515625	0.011624	-18.472551	0.678053	
66	3.509789	0.234375	-18.441214	0.039047	
67	3.515625	0.011624	-18.472551	0.678053	
67	3.516044	0.000000	-18.473017	0.711175	
68	3.509789	0.234375	-18.441214	0.039047	
68	3.491212	0.468750	-18.361030	-0.643753	
69	3.491212	0.468750	-18.361030	-0.643753	
69	3.458782	0.703125	-18.229779	-1.339620	
70	3.458782	0.703125	-18.229779	-1.339620	
70	3.409989	0.937500	-18.043002	-2.052947	
71	3.281250	1.323498	-17.590699	-3.290621	
71	3.255015	1.406250	-17.471620	-3.556629	
72	3.409989	0.937500	-18.043002	-2.052947	
72	3.340886	1.171875	-17.792986	-2.791568	
73	3.281250	1.323498	-17.590699	-3.290621	
73	3.340886	1.171875	-17.792986	-2.791568	
74	3.255015	1.406250	-17.471620	-3.556629	
74	3.158830	1.640625	-17.073565	-4.341079	
75	3.046875	1.842537	-16.640974	-5.065902	
75	3.158830	1.640625	-17.073565	-4.341079	
76	3.046875	1.842537	-16.640974	-5.065902	
76	3.031508	1.875000	-16.568031	-5.178362	
77	2.812500	2.217433	-15.611927	-6.467977	
77	2.725525	2.343750	-15.189923	-6.954376	
78	2.578125	2.513773	-14.499824	-7.671067	
78	2.524340	2.578125	-14.222331	-7.936149	
79	2.578125	2.513773	-14.499824	-7.671067	
79	2.725525	2.343750	-15.189923	-6.954376	
80	2.343750	2.756975	-13.302405	-8.737434	
80	2.524340	2.578125	-14.222331	-7.936149	
81	2.343750	2.756975	-13.302405	-8.737434	
81	2.286283	2.812500	-12.989822	-8.986115	
82	3.031508	1.875000	-16.568031	-5.178362	
82	2.893712	2.109375	-15.956433	-6.037446	
83	2.812500	2.217433	-15.611927	-6.467977	
83	2.893712	2.109375	-15.956433	-6.037446	
84	2.109375	2.960886	-12.016939	-9.695933	
84	1.996307	3.046875	-11.367523	-10.122337	
85	2.109375	2.960886	-12.016939	-9.695933	
85	2.286283	2.812500	-12.989822	-8.986115	
86	1.875000	3.131421	-10.649538	-10.555382	
86	1.996307	3.046875	-11.367523	-10.122337	
87	1.640625	3.270101	-9.213246	-11.316428	
87	1.875000	3.131421	-10.649538	-10.555382	
88	1.640625	3.270101	-9.213246	-11.316428	
88	1.619214	3.281250	-9.078950	-11.381102	
89	1.406250	3.392870	-7.686163	-11.993247	
89	1.619214	3.281250	-9.078950	-11.381102	
90	1.171875	3.485141	-6.120213	-12.565243	
90	1.070737	3.515625	-5.435511	-12.780116	
91	1.171875	3.485141	-6.120213	-12.565243	
91	1.406250	3.392870	-7.686163	-11.993247	
92	0.937500	3.560954	-4.504057	-13.040143	
92	1.070737	3.515625	-5.435511	-12.780116	
93	0.703125	3.619572	-2.863479	-13.412008	
93	0.937500	3.560954	-4.504057	-13.040143	
94	0.468750	3.656660	-1.226464	-13.678323	
94	0.703125	3.619572	-2.863479	-13.412008	
95	0.234375	3.675161	0.391867	-13.841463	
95	0.468750	3.656660	-1.226464	-13.678323	
96	0.000000	3.676762	1.974855	-13.904729	
96	0.234375	3.675161	0.391867	-13.841463	
97	-3.496272	0.000000	18.171658	-2.253139	
97	-3.485877	0.234375	18.151514	-2.925385	
98	-3.485877	0.234375	18.151514	-2.925385	
98	-3.462044	0.468750	18.083891	-3.591760	
99	-3.462044	0.468750	18.083891	-3.591760	
99	-3.422992	0.703125	17.968132	-4.254977	
100	-3.422992	0.703125	17.968132	-4.254977	
100	-3.365761	0.937500	17.801764	-4.919677	
101	-3.365761	0.937500	17.801764	-4.919677	
101	-3.285870	1.171875	17.579103	-5.593584	
102	-3.285870	1.171875	17.579103	-5.593584	
102	-3.281250	1.183014	17.566900	-5.626180	
103	-3.281250	1.183014	17.566900	-5.626180	
103	-3.203488	1.406250	17.302482	-6.259266	
104	-3.203488	1.406250	17.302482	-6.259266	
104	-3.092448	1.640625	16.954734	-6.944121	
105	-3.046875	1.719213	16.818133	-7.181659	
105	-2.966480	1.875000	16.533546	-7.634182	
106	-3.092448	1.640625	16.954734	-6.944121	
106	-3.046875	1.719213	16.818133	-7.181659	
107	-0.234375	3.661843	3.507532	-13.872981	
107	0.000000	3.676762	1.974855	-13.904729	
108	-0.468750	3.629537	4.979403	-13.752183	
108	-0.234375	3.661843	3.507532	-13.872981	
109	-0.937500	3.506277	7.725520	-13.265939	
109	-0.904109	3.515625	7.541321	-13.310179	
110	-0.703125	3.577839	6.385949	-13.548190	
110	-0.468750	3.629537	4.979403	-13.752183	
111	-0.904109	3.515625	7.541321	-13.310179	
111	-0.703125	3.577839	6.385949	-13.548190	
112	-1.875000	3.039604	12.363310	-11.440563	
112	-1.864503	3.046875	12.317210	-11.467109	
113	-1.640625	3.193935	11.296762	-12.002985	
113	-1.475839	3.281250	10.520256	-12.351414	
114	-1.864503	3.046875	12.317210	-11.467109	
114	-1.640625	3.193935	11.296762	-12.002985	
115	-1.406250	3.317855	10.177298	-12.490793	
115	-1.171875	3.426068	8.980820	-12.914595	
116	-1.171875	3.426068	8.980820	-12.914595	
116	-0.937500	3.506277	7.725520	-13.265939	
117	-1.475839	3.281250	10.520256	-12.351414	
117	-1.406250	3.317855	10.177298	-12.490793	
118	-2.966480	1.875000	16.533546	-7.634182	
118	-2.812500	2.102323	16.025989	-8.333578	
119	-2.812500	2.102323	16.025989	-8.333578	
119	-2.808084	2.109375	16.009498	-8.354435	
120	-2.808084	2.109375	16.009498	-8.354435	
120	-2.634651	2.343750	15.384104	-9.077721	
121	-2.343750	2.656727	14.295859	-10.099360	
121	-2.173938	2.812500	13.618374	-10.626151	
122	-2.634651	2.343750	15.384104	-9.077721	
122	-2.578125	2.406856	15.184769	-9.284499	
123	-2.578125	2.406856	15.184769	-9.284499	
123	-2.425603	2.578125	14.605797	-9.833084	
124	-2.425603	2.578125	14.605797	-9.833084	
124	-2.343750	2.656727	14.295859	-10.099360	
125	-2.173938	2.812500	13.618374	-10.626151	
125	-2.109375	2.865286	13.356174	-10.812168	
126	-2.109375	2.865286	13.356174	-10.812168	
126	-1.875000	3.039604	12.363310	-11.440563	
