#REFERENCE 0 35.2821934 -66.3871985
O1 35.2821934 -66.3871985 0.0000 0.0000 80.00 0.00
O1 35.282193 -66.387199 0.0000 0.0000 80.00 0.00
O1 35.2821934 -66.3871985 0.0000 0.0000 80.00 0.00
O1 35.2821934 -66.3871985 9.8878 4.9405 80.00 1640.25
O2 35.2889072 -66.4138997 0.0000 0.0000 0.00 0.00
O2 35.288907 -66.413900 0.0000 0.0000 0.00 0.00
O2 35.2889072 -66.4138997 0.0000 0.0000 0.00 0.00
O2 35.2889072 -66.4138997 1.1199 1.1199 0.00 52.66
O3 35.2889291 -66.3918184 0.0000 0.0000 77.82 0.00
O3 35.288929 -66.391818 0.0000 0.0000 77.82 0.00
O3 35.2889291 -66.3918184 0.0000 0.0000 77.82 0.00
O3 35.2889291 -66.3918184 0.7714 0.5943 77.82 18.61
2 35.3110382 -66.4021497 0.0000 0.0000 -83.20 0.00
2 35.311038 -66.402150 0.0000 0.0000 -83.20 0.00
2 35.3110382 -66.4021497 0.0000 0.0000 -83.20 0.00
2 35.3110382 -66.4021497 1.2924 1.2762 -83.20 0.72
3 35.3095550 -66.4045795 0.0000 0.0000 83.10 0.00
3 35.309555 -66.404579 0.0000 0.0000 83.10 0.00
3 35.3095550 -66.4045795 0.0000 0.0000 83.10 0.00
3 35.3095550 -66.4045795 0.4478 0.4372 83.10 0.01
5 35.2852981 -66.4056451 0.0000 0.0000 46.30 0.00
5 35.285298 -66.405645 0.0000 0.0000 46.30 0.00
5 35.2852981 -66.4056451 0.0000 0.0000 46.30 0.00
5 35.2852981 -66.4056451 0.4567 0.3373 46.30 0.01
7 35.3019141 -66.4059352 0.0000 0.0000 -0.70 0.00
7 35.301914 -66.405935 0.0000 0.0000 -0.70 0.00
7 35.3019141 -66.4059352 0.0000 0.0000 -0.70 0.00
7 35.3019141 -66.4059352 0.4419 0.2627 -0.70 0.00
14 35.2357938 -66.3762121 0.0000 0.0000 -50.30 0.00
14 35.235794 -66.376212 0.0000 0.0000 -50.30 0.00
14 35.2357938 -66.3762121 0.0000 0.0000 -50.30 0.00
14 35.2357938 -66.3762121 0.4117 0.3288 -50.30 0.00
15 35.2689598 -66.3769297 0.0000 0.0000 0.60 0.00
15 35.268960 -66.376930 0.0000 0.0000 0.60 0.00
15 35.2689598 -66.3769297 0.0000 0.0000 0.60 0.00
15 35.2689598 -66.3769297 0.3006 0.2410 0.60 0.00
16 35.2399518 -66.3775184 0.0000 0.0000 44.80 0.00
16 35.239952 -66.377518 0.0000 0.0000 44.80 0.00
16 35.2399518 -66.3775184 0.0000 0.0000 44.80 0.00
16 35.2399518 -66.3775184 0.3511 0.3204 44.80 0.00
21 35.2955498 -66.3795397 0.0000 0.0000 17.50 0.00
21 35.295550 -66.379540 0.0000 0.0000 17.50 0.00
21 35.2955498 -66.3795397 0.0000 0.0000 17.50 0.00
21 35.2955498 -66.3795397 0.3286 0.2888 17.50 0.00
26 35.2819794 -66.3830019 0.0000 0.0000 79.40 0.00
26 35.281979 -66.383002 0.0000 0.0000 79.40 0.00
26 35.2819794 -66.3830019 0.0000 0.0000 79.40 0.00
26 35.2819794 -66.3830019 0.6089 0.4800 79.40 0.02
27 35.2916557 -66.3831396 0.0000 0.0000 -10.30 0.00
27 35.291656 -66.383140 0.0000 0.0000 -10.30 0.00
27 35.2916557 -66.3831396 0.0000 0.0000 -10.30 0.00
27 35.2916557 -66.3831396 0.5451 0.5111 -10.30 0.02
28 35.3051847 -66.3840617 0.0000 0.0000 -73.70 0.00
28 35.305185 -66.384062 0.0000 0.0000 -73.70 0.00
28 35.3051847 -66.3840617 0.0000 0.0000 -73.70 0.00
28 35.3051847 -66.3840617 1.0086 0.5305 -73.70 0.05
29 35.2512125 -66.3837381 0.0000 0.0000 24.30 0.00
29 35.251212 -66.383738 0.0000 0.0000 24.30 0.00
29 35.2512125 -66.3837381 0.0000 0.0000 24.30 0.00
29 35.2512125 -66.3837381 0.6289 0.4413 24.30 0.02
30 35.2909873 -66.3849323 0.0000 0.0000 -63.10 0.00
30 35.290987 -66.384932 0.0000 0.0000 -63.10 0.00
30 35.2909873 -66.3849323 0.0000 0.0000 -63.10 0.00
30 35.2909873 -66.3849323 0.7247 0.4720 -63.10 0.03
31 35.2647687 -66.3850939 0.0000 0.0000 16.80 0.00
31 35.264769 -66.385094 0.0000 0.0000 16.80 0.00
31 35.2647687 -66.3850939 0.0000 0.0000 16.80 0.00
31 35.2647687 -66.3850939 0.3709 0.3526 16.80 0.00
32 35.2585499 -66.3858875 0.0000 0.0000 -6.20 0.00
32 35.258550 -66.385887 0.0000 0.0000 -6.20 0.00
32 35.2585499 -66.3858875 0.0000 0.0000 -6.20 0.00
32 35.2585499 -66.3858875 0.6105 0.3423 -6.20 0.01
33 35.2801812 -66.3879230 0.0000 0.0000 -29.90 0.00
33 35.280181 -66.387923 0.0000 0.0000 -29.90 0.00
33 35.2801812 -66.3879230 0.0000 0.0000 -29.90 0.00
33 35.2801812 -66.3879230 0.5263 0.4470 -29.90 0.01
34 35.2825435 -66.3872258 0.0000 0.0000 8.20 0.00
34 35.282544 -66.387226 0.0000 0.0000 8.20 0.00
34 35.2825435 -66.3872258 0.0000 0.0000 8.20 0.00
34 35.2825435 -66.3872258 0.9094 0.7923 8.20 0.13
35 35.2831280 -66.3881417 0.0000 0.0000 -20.50 0.00
35 35.283128 -66.388142 0.0000 0.0000 -20.50 0.00
35 35.2831280 -66.3881417 0.0000 0.0000 -20.50 0.00
35 35.2831280 -66.3881417 0.6779 0.5776 -20.50 0.04
36 35.2917306 -66.3867351 0.0000 0.0000 10.10 0.00
36 35.291731 -66.386735 0.0000 0.0000 10.10 0.00
36 35.2917306 -66.3867351 0.0000 0.0000 10.10 0.00
36 35.2917306 -66.3867351 0.5788 0.5193 10.10 0.02
37 35.2955066 -66.3867058 0.0000 0.0000 -88.00 0.00
37 35.295507 -66.386706 0.0000 0.0000 -88.00 0.00
37 35.2955066 -66.3867058 0.0000 0.0000 -88.00 0.00
37 35.2955066 -66.3867058 0.3454 0.2576 -88.00 0.00
42 35.3193130 -66.3884846 0.0000 0.0000 -47.20 0.00
42 35.319313 -66.388485 0.0000 0.0000 -47.20 0.00
42 35.3193130 -66.3884846 0.0000 0.0000 -47.20 0.00
42 35.3193130 -66.3884846 0.3310 0.2749 -47.20 0.00
47 35.2865643 -66.3897987 0.0000 0.0000 60.40 0.00
47 35.286564 -66.389799 0.0000 0.0000 60.40 0.00
47 35.2865643 -66.3897987 0.0000 0.0000 60.40 0.00
47 35.2865643 -66.3897987 0.6047 0.5164 60.40 0.03
48 35.2838778 -66.3903800 0.0000 0.0000 -33.20 0.00
48 35.283878 -66.390380 0.0000 0.0000 -33.20 0.00
48 35.2838778 -66.3903800 0.0000 0.0000 -33.20 0.00
48 35.2838778 -66.3903800 0.7473 0.3830 -33.20 0.01
51 35.2505860 -66.3907059 0.0000 0.0000 -16.90 0.00
51 35.250586 -66.390706 0.0000 0.0000 -16.90 0.00
51 35.2505860 -66.3907059 0.0000 0.0000 -16.90 0.00
51 35.2505860 -66.3907059 0.3694 0.3324 -16.90 0.00
55 35.2889263 -66.3918181 0.0000 0.0000 76.70 0.00
55 35.288926 -66.391818 0.0000 0.0000 76.70 0.00
55 35.2889263 -66.3918181 0.0000 0.0000 76.70 0.00
55 35.2889263 -66.3918181 0.6687 0.5897 76.70 0.04
57 35.2856453 -66.3927584 0.0000 0.0000 -32.40 0.00
57 35.285645 -66.392758 0.0000 0.0000 -32.40 0.00
57 35.2856453 -66.3927584 0.0000 0.0000 -32.40 0.00
57 35.2856453 -66.3927584 0.5867 0.5021 -32.40 0.02
58 35.2853201 -66.3933729 0.0000 0.0000 -39.20 0.00
58 35.285320 -66.393373 0.0000 0.0000 -39.20 0.00
58 35.2853201 -66.3933729 0.0000 0.0000 -39.20 0.00
58 35.2853201 -66.3933729 0.3706 0.3457 -39.20 0.00
60 35.2693888 -66.3939226 0.0000 0.0000 -88.40 0.00
60 35.269389 -66.393923 0.0000 0.0000 -88.40 0.00
60 35.2693888 -66.3939226 0.0000 0.0000 -88.40 0.00
60 35.2693888 -66.3939226 0.4148 0.3803 -88.40 0.01
61 35.2628222 -66.3945783 0.0000 0.0000 -24.60 0.00
61 35.262822 -66.394578 0.0000 0.0000 -24.60 0.00
61 35.2628222 -66.3945783 0.0000 0.0000 -24.60 0.00
61 35.2628222 -66.3945783 0.3941 0.2978 -24.60 0.00
65 35.2841500 -66.3964958 0.0000 0.0000 -6.80 0.00
65 35.284150 -66.396496 0.0000 0.0000 -6.80 0.00
65 35.2841500 -66.3964958 0.0000 0.0000 -6.80 0.00
65 35.2841500 -66.3964958 0.4461 0.4379 -6.80 0.01
66 35.2609860 -66.3971094 0.0000 0.0000 -80.80 0.00
66 35.260986 -66.397109 0.0000 0.0000 -80.80 0.00
66 35.2609860 -66.3971094 0.0000 0.0000 -80.80 0.00
66 35.2609860 -66.3971094 0.3108 0.2957 -80.80 0.00
67 35.3055631 -66.3978894 0.0000 0.0000 -2.80 0.00
67 35.305563 -66.397889 0.0000 0.0000 -2.80 0.00
67 35.3055631 -66.3978894 0.0000 0.0000 -2.80 0.00
67 35.3055631 -66.3978894 0.5208 0.4498 -2.80 0.01
69 35.2963062 -66.3993147 0.0000 0.0000 89.80 0.00
69 35.296306 -66.399315 0.0000 0.0000 89.80 0.00
69 35.2963062 -66.3993147 0.0000 0.0000 89.80 0.00
69 35.2963062 -66.3993147 0.4524 0.4072 89.80 0.01
71 35.2674929 -66.4001138 0.0000 0.0000 -57.50 0.00
71 35.267493 -66.400114 0.0000 0.0000 -57.50 0.00
71 35.2674929 -66.4001138 0.0000 0.0000 -57.50 0.00
71 35.2674929 -66.4001138 0.5080 0.3628 -57.50 0.01
73 35.3037908 -66.4003619 0.0000 0.0000 -33.00 0.00
73 35.303791 -66.400362 0.0000 0.0000 -33.00 0.00
73 35.3037908 -66.4003619 0.0000 0.0000 -33.00 0.00
73 35.3037908 -66.4003619 0.6483 0.4671 -33.00 0.02
74 35.2686772 -66.4007071 0.0000 0.0000 8.20 0.00
74 35.268677 -66.400707 0.0000 0.0000 8.20 0.00
74 35.2686772 -66.4007071 0.0000 0.0000 8.20 0.00
74 35.2686772 -66.4007071 0.4661 0.4156 8.20 0.01
76 35.2983019 -66.4016465 0.0000 0.0000 -29.70 0.00
76 35.298302 -66.401646 0.0000 0.0000 -29.70 0.00
76 35.2983019 -66.4016465 0.0000 0.0000 -29.70 0.00
76 35.2983019 -66.4016465 0.3443 0.2779 -29.70 0.00
77 35.2999016 -66.4029774 0.0000 0.0000 64.00 0.00
77 35.299902 -66.402977 0.0000 0.0000 64.00 0.00
77 35.2999016 -66.4029774 0.0000 0.0000 64.00 0.00
77 35.2999016 -66.4029774 0.5461 0.3512 64.00 0.01
